word	onset	duration	onset_TRs	duration_TRs
THERE'S	0.0125	0.12	0.008389261744966443	0.08053691275167785
NOTHING	0.1325	0.15	0.0889261744966443	0.10067114093959731
TO	0.2825	0.06	0.1895973154362416	0.040268456375838924
TELL	0.3425	0.09	0.22986577181208057	0.060402684563758385
IT'S	0.4325	0.09	0.2902684563758389	0.060402684563758385
JUST	0.5225	0.12	0.3506711409395973	0.08053691275167785
SOME	0.6425	10.64	0.43120805369127513	7.140939597315437
GUY	14.3225	0.07	9.61241610738255	0.04697986577181208
I	14.3925	0.03	9.659395973154362	0.020134228187919462
WORK	14.4225	0.09	9.679530201342281	0.060402684563758385
WITH	18.8325	0.27	12.639261744966444	0.18120805369127518
YOU'RE	19.1025	0.12	12.820469798657717	0.08053691275167785
GOING	19.2225	0.34	12.901006711409396	0.22818791946308728
OUT	19.6725	0.62	13.203020134228188	0.4161073825503356
WITH	20.2925	0.15	13.619127516778525	0.10067114093959731
HIM	21.1125	0.83	14.169463087248323	0.5570469798657718
THERE'S	22.1225	0.25	14.84731543624161	0.16778523489932887
GOT	23.1325	0.61	15.525167785234899	0.40939597315436244
TO	23.9825	0.82	16.095637583892618	0.5503355704697986
BE	24.8025	0.82	16.645973154362416	0.5503355704697986
SOMETHING	25.6225	0.43	17.196308724832214	0.2885906040268456
WRONG	26.0525	0.31	17.484899328859058	0.2080536912751678
WITH	26.3625	0.18	17.69295302013423	0.12080536912751677
HIM	26.9725	1.1	18.10234899328859	0.738255033557047
ALL	28.0725	0.09	18.84060402684564	0.060402684563758385
RIGHT	28.1625	0.2	18.901006711409398	0.1342281879194631
JOEY	28.3625	0.31	19.03523489932886	0.2080536912751678
BE	28.6725	0.12	19.243288590604028	0.08053691275167785
NICE	28.7925	0.51	19.323825503355707	0.3422818791946309
SO	30.2625	0.17	20.31040268456376	0.11409395973154364
DOES	30.4325	0.12	20.424496644295303	0.08053691275167785
HE	30.5525	0.08	20.50503355704698	0.053691275167785234
HAVE	30.6325	0.16	20.558724832214764	0.10738255033557047
A	30.7925	0.03	20.666107382550337	0.020134228187919462
HUMP	30.8225	0.29	20.686241610738257	0.19463087248322147
A	31.1125	0.04	20.880872483221477	0.026845637583892617
HUMP	31.1525	0.24	20.90771812080537	0.1610738255033557
AND	31.3925	0.17	21.068791946308725	0.11409395973154364
A	31.5625	0.03	21.18288590604027	0.020134228187919462
HAIRPIECE	31.5925	0.42	21.20302013422819	0.28187919463087246
WAIT	32.2025	0.3	21.61241610738255	0.20134228187919462
DOES	32.5025	2.08	21.813758389261743	1.395973154362416
HE	34.5825	0.6	23.209731543624162	0.40268456375838924
EAT	35.1825	0.24	23.61241610738255	0.1610738255033557
CHALK	35.4225	1.09	23.773489932885905	0.7315436241610739
I	36.5125	0.67	24.505033557046982	0.44966442953020136
DON'T	37.3625	0.42	25.075503355704697	0.28187919463087246
WANT	37.7825	0.23	25.35738255033557	0.15436241610738255
HER	38.0625	0.1	25.54530201342282	0.06711409395973154
TO	38.1625	0.07	25.61241610738255	0.04697986577181208
GO	38.2325	0.17	25.659395973154364	0.11409395973154364
THROUGH	38.4025	0.2	25.77348993288591	0.1342281879194631
WHAT	38.6025	0.13	25.90771812080537	0.087248322147651
I	38.7325	0.14	25.99496644295302	0.09395973154362416
WENT	38.8725	0.21	26.088926174496645	0.14093959731543623
THROUGH	39.0825	0.15	26.229865771812083	0.10067114093959731
WITH	39.2325	0.16	26.33053691275168	0.10738255033557047
CARL	39.4125	0.42	26.451342281879196	0.28187919463087246
OKAY	40.6625	0.18	27.29026845637584	0.12080536912751677
EVERYBODY	40.8425	1.69	27.411073825503358	1.1342281879194631
RELAX	42.7025	0.44	28.659395973154364	0.2953020134228188
THIS	43.1425	0.15	28.95469798657718	0.10067114093959731
IS	43.2925	0.1	29.055369127516776	0.06711409395973154
NOT	43.3925	0.4	29.12248322147651	0.2684563758389262
A	43.7925	0.04	29.390939597315434	0.026845637583892617
DATE	43.8325	0.46	29.41778523489933	0.3087248322147651
IT'S	44.3825	0.9	29.786912751677853	0.6040268456375839
TWO	45.2825	0.21	30.390939597315434	0.14093959731543623
PEOPLE	45.4925	0.25	30.53187919463087	0.16778523489932887
GOING	45.7425	0.23	30.699664429530202	0.15436241610738255
OUT	45.9725	0.11	30.85402684563758	0.0738255033557047
TO	46.0825	0.11	30.92785234899329	0.0738255033557047
DINNER	46.1925	0.33	31.001677852348994	0.2214765100671141
AND	46.5225	0.39	31.223154362416107	0.26174496644295303
NOT	47.1525	0.18	31.64597315436242	0.12080536912751677
HAVING	47.3325	0.27	31.766778523489936	0.18120805369127518
SEX	47.6025	0.51	31.947986577181208	0.3422818791946309
SOUNDS	48.7325	1.03	32.70637583892618	0.6912751677852349
LIKE	49.7625	0.26	33.39765100671141	0.174496644295302
A	50.0225	0.03	33.57214765100671	0.020134228187919462
DATE	50.0525	0.28	33.59228187919463	0.18791946308724833
TO	50.3325	0.07	33.780201342281885	0.04697986577181208
ME	50.4025	0.28	33.827181208053695	0.18791946308724833
SO	50.6825	0.09	34.015100671140935	0.060402684563758385
I'M	50.7725	0.1	34.0755033557047	0.06711409395973154
BACK	50.8725	1.19	34.14261744966443	0.7986577181208053
IN	52.0625	0.22	34.941275167785236	0.1476510067114094
HIGH	52.2825	1.03	35.08892617449664	0.6912751677852349
SCHOOL	53.3125	0.84	35.78020134228188	0.5637583892617449
I'M	54.1525	0.22	36.34395973154363	0.1476510067114094
STANDING	54.3725	0.76	36.491610738255034	0.5100671140939598
IN	55.1325	0.26	37.00167785234899	0.174496644295302
THE	55.4725	0.28	37.22986577181208	0.18791946308724833
MIDDLE	55.7525	0.21	37.41778523489933	0.14093959731543623
OF	55.9625	0.08	37.558724832214764	0.053691275167785234
THE	56.0425	0.08	37.61241610738255	0.053691275167785234
CAFETERIA	56.1225	0.78	37.66610738255034	0.5234899328859061
AND	56.9025	0.11	38.189597315436245	0.0738255033557047
I	57.0125	0.13	38.26342281879195	0.087248322147651
REALIZE	57.1425	0.7	38.350671140939596	0.4697986577181208
I	57.8425	0.13	38.82046979865772	0.087248322147651
AM	57.9725	0.13	38.90771812080537	0.087248322147651
TOTALLY	58.1425	0.53	39.02181208053691	0.3557046979865772
NAKED	59.6425	0.64	40.02852348993289	0.42953020134228187
I'VE	60.3925	0.65	40.531879194630875	0.43624161073825507
HAD	61.0425	0.64	40.968120805369125	0.42953020134228187
THAT	61.9725	0.2	41.59228187919463	0.1342281879194631
DREAM	62.6825	0.17	42.06879194630872	0.11409395973154364
THEN	62.8525	0.35	42.18288590604027	0.2348993288590604
I	63.2025	0.15	42.41778523489933	0.10067114093959731
LOOK	63.3525	0.24	42.51845637583892	0.1610738255033557
DOWN	63.5925	0.35	42.67953020134228	0.2348993288590604
AND	63.9425	0.14	42.914429530201346	0.09395973154362416
I	64.0825	0.07	43.008389261744966	0.04697986577181208
REALIZE	64.1525	0.52	43.055369127516784	0.348993288590604
THERE	64.6725	0.18	43.40436241610738	0.12080536912751677
IS	64.8525	0.16	43.525167785234906	0.10738255033557047
A	65.0125	0.03	43.63255033557047	0.020134228187919462
PHONE	65.0425	0.7	43.65268456375839	0.4697986577181208
THERE	67.5325	0.62	45.32382550335571	0.4161073825503356
INSTEAD	68.7725	1.49	46.15604026845637	1.0
OF	71.6825	0.35	48.10906040268457	0.2348993288590604
THAT'S	72.0325	0.28	48.34395973154362	0.18791946308724833
RIGHT	72.3125	0.29	48.531879194630875	0.19463087248322147
NEVER	72.6025	0.3	48.7265100671141	0.20134228187919462
HAD	72.9025	1.16	48.92785234899329	0.7785234899328859
THAT	74.0625	0.5	49.70637583892618	0.33557046979865773
DREAM	74.5625	0.4	50.04194630872483	0.2684563758389262
ALL	75.1825	0.22	50.45805369127517	0.1476510067114094
OF	75.4025	0.1	50.60570469798658	0.06711409395973154
A	75.5025	0.04	50.672818791946305	0.026845637583892617
SUDDEN	75.5425	0.46	50.6996644295302	0.3087248322147651
THE	76.0025	0.1	51.008389261744966	0.06711409395973154
PHONE	76.1025	0.65	51.075503355704704	0.43624161073825507
STARTS	77.4025	0.58	51.94798657718121	0.38926174496644295
TO	77.9825	0.13	52.33724832214765	0.087248322147651
RING	78.1125	0.34	52.4244966442953	0.22818791946308728
NOW	78.9925	1.16	53.01510067114094	0.7785234899328859
I	80.1525	0.12	53.79362416107383	0.08053691275167785
DON'T	80.2725	0.14	53.8741610738255	0.09395973154362416
KNOW	80.4125	0.12	53.968120805369125	0.08053691275167785
WHAT	80.5325	0.2	54.04865771812081	0.1342281879194631
TO	80.7325	0.12	54.18288590604027	0.08053691275167785
DO	80.8525	0.35	54.26342281879195	0.2348993288590604
EVERYBODY	81.2025	0.43	54.49832214765101	0.2885906040268456
STARTS	81.6325	0.39	54.786912751677846	0.26174496644295303
LOOKING	82.0225	0.36	55.0486577181208	0.24161073825503354
AT	82.3825	0.16	55.290268456375834	0.10738255033557047
ME	82.5425	0.28	55.39765100671141	0.18791946308724833
THEY	82.9725	0.14	55.68624161073825	0.09395973154362416
WEREN'T	83.1125	0.77	55.78020134228188	0.5167785234899329
LOOKING	83.9525	0.25	56.34395973154363	0.16778523489932887
AT	84.6425	1.39	56.807046979865774	0.9328859060402684
YOU	86.0325	0.06	57.73993288590604	0.040268456375838924
BEFORE	86.0925	0.15	57.78020134228188	0.10067114093959731
FINALLY	86.6125	0.5	58.12919463087248	0.33557046979865773
I	87.1125	0.1	58.46476510067114	0.06711409395973154
FIGURE	87.2125	0.41	58.531879194630875	0.2751677852348993
I'D	87.6225	0.24	58.807046979865774	0.1610738255033557
BETTER	87.8625	0.29	58.968120805369125	0.19463087248322147
ANSWER	88.1525	0.43	59.16275167785235	0.2885906040268456
IT	88.7125	0.49	59.53859060402685	0.32885906040268453
AND	89.2025	0.7	59.86744966442953	0.4697986577181208
IT	89.9025	0.86	60.33724832214765	0.5771812080536912
TURNS	90.7625	0.44	60.914429530201346	0.2953020134228188
OUT	91.2025	0.19	61.20973154362416	0.12751677852348994
IT'S	91.3925	0.19	61.33724832214765	0.12751677852348994
MY	91.5825	0.21	61.46476510067114	0.14093959731543623
MOTHER	91.7925	0.35	61.60570469798658	0.2348993288590604
WHICH	92.7025	1.6	62.216442953020135	1.0738255033557047
IS	94.3025	0.16	63.290268456375834	0.10738255033557047
VERY	94.5625	0.37	63.464765100671144	0.2483221476510067
VERY	94.9325	0.32	63.713087248322154	0.21476510067114093
WEIRD	95.2525	0.38	63.92785234899329	0.2550335570469799
BECAUSE	95.6325	0.49	64.18288590604027	0.32885906040268453
SHE	97.1125	0.26	65.1761744966443	0.174496644295302
NEVER	97.3725	0.29	65.3506711409396	0.19463087248322147
CALLS	97.6625	0.35	65.54530201342281	0.2348993288590604
ME	98.1625	0.06	65.88087248322147	0.040268456375838924
HI	98.2225	8.77	65.92114093959731	5.885906040268456
THIS	108.3225	0.17	72.6996644295302	0.11409395973154364
GUY	108.4925	0.15	72.81375838926175	0.10067114093959731
SAYS	108.6425	0.33	72.91442953020135	0.2214765100671141
HELLO	108.9725	0.28	73.13590604026845	0.18791946308724833
I	109.2525	0.09	73.3238255033557	0.060402684563758385
WANT	109.3425	0.23	73.38422818791946	0.15436241610738255
TO	109.5725	0.06	73.53859060402685	0.040268456375838924
KILL	109.6325	0.13	73.57885906040268	0.087248322147651
MYSELF	109.7625	2.11	73.66610738255034	1.4161073825503354
ARE	111.9925	0.1	75.16275167785236	0.06711409395973154
YOU	112.0925	0.14	75.22986577181209	0.09395973154362416
OKAY	112.2325	0.3	75.3238255033557	0.20134228187919462
SWEETIE	112.5325	0.47	75.5251677852349	0.31543624161073824
I	114.0925	0.14	76.57214765100672	0.09395973154362416
FEEL	114.2325	0.33	76.66610738255034	0.2214765100671141
LIKE	114.5625	0.15	76.88758389261746	0.10067114093959731
SOMEONE	114.7125	0.38	76.98825503355705	0.2550335570469799
REACHED	115.0925	0.3	77.24328859060402	0.20134228187919462
DOWN	115.3925	0.14	77.44463087248322	0.09395973154362416
MY	115.5325	0.16	77.53859060402685	0.10738255033557047
THROAT	115.6925	0.38	77.64597315436241	0.2550335570469799
GRABBED	116.0725	0.31	77.9010067114094	0.2080536912751678
MY	116.3825	0.15	78.10906040268456	0.10067114093959731
SMALL	116.5325	0.48	78.20973154362416	0.3221476510067114
INTESTINE	117.0125	0.73	78.53187919463087	0.4899328859060403
PULLED	117.8925	0.23	79.12248322147651	0.15436241610738255
IT	118.1225	0.09	79.27684563758389	0.060402684563758385
OUT	118.2125	0.13	79.33724832214766	0.087248322147651
OF	118.3425	0.06	79.4244966442953	0.040268456375838924
MY	118.4025	0.14	79.46476510067114	0.09395973154362416
MOUTH	118.5425	0.36	79.55872483221476	0.24161073825503354
AND	118.9025	0.17	79.8003355704698	0.11409395973154364
TIED	119.1925	0.3	79.99496644295301	0.20134228187919462
IT	119.4925	0.13	80.19630872483222	0.087248322147651
AROUND	119.6225	0.21	80.28355704697987	0.14093959731543623
MY	119.8325	0.2	80.4244966442953	0.1342281879194631
NECK	120.0325	0.41	80.55872483221476	0.2751677852348993
COOKIE	120.4425	0.58	80.83389261744966	0.38926174496644295
CAROL	121.2125	2.06	81.3506711409396	1.3825503355704698
MOVED	123.7625	0.17	83.06208053691276	0.11409395973154364
HER	123.9325	0.55	83.1761744966443	0.3691275167785235
STUFF	124.4825	0.24	83.54530201342283	0.1610738255033557
OUT	124.7225	0.14	83.70637583892618	0.09395973154362416
TODAY	124.9125	0.31	83.83389261744966	0.2080536912751678
OH	125.5025	0.38	84.22986577181209	0.2550335570469799
LET	125.8825	0.18	84.48489932885906	0.12080536912751677
ME	126.6025	0.09	84.96812080536914	0.060402684563758385
GET	126.6925	0.1	85.02852348993288	0.06711409395973154
YOU	126.7925	0.06	85.09563758389262	0.040268456375838924
SOME	126.8525	0.15	85.13590604026847	0.10067114093959731
COFFEE	127.0025	0.3	85.23657718120805	0.20134228187919462
THANKS	127.4125	0.49	85.51174496644295	0.32885906040268453
OOH	130.2725	0.03	87.43120805369128	0.020134228187919462
UGH	131.6625	0.3	88.36409395973153	0.20134228187919462
NO	133.2525	0.17	89.43120805369128	0.11409395973154364
OH	133.4825	0.18	89.58557046979865	0.12080536912751677
NO	133.7225	0.2	89.746644295302	0.1342281879194631
NO	133.9225	0.19	89.88087248322148	0.12751677852348994
DON'T	134.1125	0.34	90.00838926174498	0.22818791946308728
STOP	134.4525	0.38	90.23657718120805	0.2550335570469799
CLEANSING	134.9725	0.66	90.58557046979865	0.4429530201342282
MY	135.6325	0.28	91.02852348993288	0.18791946308724833
AURA	135.9125	0.29	91.21644295302013	0.19463087248322147
NO	136.2025	0.16	91.41107382550335	0.10738255033557047
JUST	136.5825	1.63	91.66610738255034	1.093959731543624
LEAVE	138.3025	0.26	92.82046979865773	0.174496644295302
MY	138.5625	0.29	92.99496644295301	0.19463087248322147
AURA	138.8525	0.34	93.18959731543623	0.22818791946308728
ALONE	139.1925	0.38	93.41778523489933	0.2550335570469799
OKAY	139.9425	0.38	93.92114093959731	0.2550335570469799
FINE	140.3225	0.59	94.1761744966443	0.3959731543624161
BE	141.1725	0.15	94.74664429530202	0.10067114093959731
MURKY	141.3225	0.4	94.8473154362416	0.2684563758389262
I'LL	142.3025	0.95	95.50503355704699	0.6375838926174496
BE	143.3525	0.13	96.20973154362416	0.087248322147651
FINE	143.4825	0.57	96.2969798657718	0.38255033557046975
ALL	144.0525	0.13	96.67953020134229	0.087248322147651
RIGHT	144.1825	0.23	96.76677852348993	0.15436241610738255
I	144.4125	0.03	96.92114093959731	0.020134228187919462
HOPE	144.4425	1.01	96.94127516778524	0.6778523489932886
SHE'LL	145.4525	0.13	97.61912751677852	0.087248322147651
BE	145.5825	0.14	97.70637583892618	0.09395973154362416
VERY	145.7225	0.33	97.8003355704698	0.2214765100671141
HAPPY	146.0525	0.4	98.02181208053692	0.2684563758389262
NO	146.5725	0.8	98.37080536912751	0.5369127516778524
YOU	147.3725	0.07	98.90771812080537	0.04697986577181208
DON'T	147.4425	0.27	98.95469798657717	0.18120805369127518
TO	147.7125	0.13	99.13590604026847	0.087248322147651
HELL	147.8425	0.22	99.22315436241611	0.1476510067114094
WITH	148.0625	0.18	99.37080536912752	0.12080536912751677
HER	148.2425	0.2	99.49161073825503	0.1342281879194631
SHE	148.4425	0.21	99.6258389261745	0.14093959731543623
LEFT	148.6525	0.26	99.76677852348993	0.174496644295302
ME	148.9125	0.28	99.94127516778524	0.18791946308724833
AND	149.4825	1.45	100.32382550335569	0.9731543624161073
YOU	151.0225	0.06	101.35738255033557	0.040268456375838924
NEVER	151.0825	0.34	101.39765100671141	0.22818791946308728
KNEW	151.4225	0.18	101.62583892617451	0.12080536912751677
SHE	151.6025	0.17	101.746644295302	0.11409395973154364
WAS	151.7725	0.15	101.86073825503357	0.10067114093959731
A	151.9225	0.03	101.96140939597316	0.020134228187919462
LESBIAN	151.9525	0.56	101.98154362416106	0.37583892617449666
NO	152.5825	0.26	102.40436241610739	0.174496644295302
OKAY	152.8825	0.14	102.60570469798657	0.09395973154362416
WHY	153.0225	6.55	102.6996644295302	4.395973154362416
DOES	159.5725	0.2	107.09563758389261	0.1342281879194631
EVERYONE	159.8325	0.53	107.27013422818793	0.3557046979865772
KEEP	160.3625	0.25	107.62583892617451	0.16778523489932887
FIXATING	160.6125	0.78	107.79362416107384	0.5234899328859061
ON	161.3925	0.27	108.31711409395974	0.18120805369127518
THAT	161.9725	1.71	108.70637583892618	1.1476510067114094
SHE	163.6825	0.16	109.85402684563759	0.10738255033557047
DIDN'T	163.8425	0.29	109.96140939597315	0.19463087248322147
KNOW	164.1325	0.35	110.15604026845637	0.2348993288590604
HOW	164.6225	2.52	110.48489932885906	1.691275167785235
SHOULD	167.1425	0.09	112.17617449664431	0.060402684563758385
I	167.2725	0.26	112.26342281879195	0.174496644295302
KNOW	167.5325	0.09	112.43791946308725	0.060402684563758385
SOMETIMES	168.3925	0.52	113.01510067114094	0.348993288590604
I	168.9125	0.06	113.36409395973153	0.040268456375838924
WISH	168.9725	0.25	113.40436241610738	0.16778523489932887
I	169.2225	0.16	113.57214765100672	0.10738255033557047
WAS	169.3825	0.14	113.67953020134227	0.09395973154362416
A	169.5225	0.04	113.77348993288591	0.026845637583892617
LESBIAN	169.5625	0.55	113.8003355704698	0.3691275167785235
DID	172.8325	0.22	115.99496644295303	0.1476510067114094
I	173.0525	0.12	116.14261744966444	0.08053691275167785
SAY	173.1725	0.21	116.22315436241611	0.14093959731543623
THAT	173.3825	0.37	116.36409395973153	0.2483221476510067
OUT	173.7525	0.27	116.61241610738254	0.18120805369127518
LOUD	174.0225	2.18	116.79362416107384	1.4630872483221478
I	177.5625	0.12	119.16946308724832	0.08053691275167785
TOLD	177.6825	0.3	119.25	0.20134228187919462
MOM	177.9825	0.24	119.45134228187919	0.1610738255033557
AND	178.2225	0.12	119.61241610738254	0.08053691275167785
DAD	178.3425	0.27	119.69295302013423	0.18120805369127518
LAST	178.6125	0.32	119.8741610738255	0.21476510067114093
NIGHT	178.9325	0.27	120.08892617449665	0.18120805369127518
THEY	179.2025	0.31	120.27013422818791	0.2080536912751678
SEEMED	179.6625	0.29	120.57885906040268	0.19463087248322147
TO	179.9525	0.06	120.7734899328859	0.040268456375838924
TAKE	180.0125	0.28	120.81375838926174	0.18791946308724833
IT	180.2925	0.1	121.00167785234899	0.06711409395973154
PRETTY	180.3925	0.25	121.06879194630874	0.16778523489932887
WELL	180.6425	0.29	121.23657718120806	0.19463087248322147
OH	181.2725	0.14	121.65939597315437	0.09395973154362416
REALLY	181.4125	0.53	121.75335570469798	0.3557046979865772
SO	182.4425	0.13	122.44463087248322	0.087248322147651
THAT	182.5725	0.11	122.53187919463086	0.0738255033557047
HYSTERICAL	182.6825	0.56	122.60570469798658	0.37583892617449666
PHONE	183.2425	0.23	122.98154362416108	0.15436241610738255
CALL	183.4725	0.11	123.13590604026845	0.0738255033557047
I	183.5825	0.1	123.20973154362417	0.06711409395973154
GOT	183.6825	0.2	123.27684563758389	0.1342281879194631
FROM	183.8825	0.14	123.41107382550335	0.09395973154362416
A	184.0225	0.05	123.50503355704699	0.03355704697986577
WOMAN	184.0725	0.36	123.53859060402684	0.24161073825503354
SOBBING	184.4325	0.51	123.78020134228188	0.3422818791946309
AT	184.9425	0.09	124.12248322147651	0.060402684563758385
3	185.0325	0.46	124.18288590604027	0.3087248322147651
AM	185.4925	0.16	124.49161073825503	0.10738255033557047
I'LL	185.7025	0.22	124.63255033557046	0.1476510067114094
NEVER	185.9225	0.22	124.78020134228188	0.1476510067114094
HAVE	186.1425	0.22	124.9278523489933	0.1476510067114094
GRANDCHILDREN	186.3625	0.55	125.07550335570471	0.3691275167785235
I'LL	186.9125	0.19	125.44463087248322	0.12751677852348994
NEVER	187.1025	0.25	125.5721476510067	0.16778523489932887
HAVE	187.3525	0.2	125.73993288590603	0.1342281879194631
GRANDCHILDREN	187.5725	0.64	125.88758389261744	0.42953020134228187
WAS	188.5425	0.16	126.53859060402684	0.10738255033557047
WHAT	188.7025	0.22	126.64597315436241	0.1476510067114094
A	189.1725	0.07	126.96140939597316	0.04697986577181208
WRONG	189.2625	0.16	127.0218120805369	0.10738255033557047
NUMBER	189.4225	1.7	127.12919463087249	1.1409395973154361
SORRY	191.5125	0.33	128.53187919463087	0.2214765100671141
ALL	192.3825	0.17	129.11577181208054	0.11409395973154364
RIGHT	192.5525	0.24	129.2298657718121	0.1610738255033557
ROSS	192.7925	0.43	129.39093959731542	0.2885906040268456
LOOK	193.2225	0.39	129.6795302013423	0.26174496644295303
YOU'RE	194.4025	0.11	130.4714765100671	0.0738255033557047
FEELING	194.5125	0.3	130.5453020134228	0.20134228187919462
A	194.8125	0.03	130.74664429530202	0.020134228187919462
LOT	194.8425	0.2	130.76677852348993	0.1342281879194631
OF	195.0425	0.08	130.9010067114094	0.053691275167785234
PAIN	195.1625	0.35	130.98154362416108	0.2348993288590604
RIGHT	195.5125	0.24	131.21644295302013	0.1610738255033557
NOW	195.7525	0.36	131.3775167785235	0.24161073825503354
YOU'RE	196.5625	0.17	131.9211409395973	0.11409395973154364
ANGRY	196.7325	0.52	132.03523489932886	0.348993288590604
YOU'RE	197.8225	0.16	132.76677852348993	0.10738255033557047
HURTING	197.9825	0.48	132.8741610738255	0.3221476510067114
CAN	199.1925	0.14	133.68624161073825	0.09395973154362416
I	199.3325	0.06	133.78020134228188	0.040268456375838924
TELL	199.3925	0.21	133.82046979865774	0.14093959731543623
YOU	199.6025	0.07	133.96140939597316	0.04697986577181208
WHAT	199.6725	0.14	134.00838926174498	0.09395973154362416
THE	199.8125	0.11	134.1023489932886	0.0738255033557047
ANSWER	199.9225	0.3	134.1761744966443	0.20134228187919462
IS	200.2225	0.31	134.3775167785235	0.2080536912751678
STRIP	201.6825	0.38	135.3573825503356	0.2550335570469799
JOINTS	202.0925	0.8	135.63255033557047	0.5369127516778524
OH	202.8925	0.13	136.16946308724832	0.087248322147651
COME	203.0225	1.97	136.256711409396	1.3221476510067114
ON	205.3325	0.29	137.8070469798658	0.19463087248322147
YOU'RE	205.6225	0.12	138.001677852349	0.08053691275167785
SINGLE	205.7425	0.63	138.08221476510067	0.4228187919463087
HAVE	206.3725	0.18	138.50503355704697	0.12080536912751677
SOME	206.5525	0.29	138.6258389261745	0.19463087248322147
HORMONES	206.8425	0.81	138.8204697986577	0.5436241610738255
SEE	207.6525	0.2	139.36409395973155	0.1342281879194631
BUT	207.8525	0.15	139.498322147651	0.10067114093959731
I	208.0025	0.87	139.5989932885906	0.5838926174496645
DON'T	208.9625	0.51	140.24328859060404	0.3422818791946309
WANT	209.4725	0.39	140.58557046979865	0.26174496644295303
TO	209.8625	0.12	140.84731543624162	0.08053691275167785
BE	209.9825	0.18	140.92785234899327	0.12080536912751677
SINGLE	210.1625	0.56	141.0486577181208	0.37583892617449666
OKAY	210.7225	0.45	141.4244966442953	0.30201342281879195
I	211.1925	0.15	141.73993288590603	0.10067114093959731
JUST	211.3425	0.27	141.84060402684563	0.18120805369127518
I	211.6125	0.12	142.02181208053693	0.08053691275167785
JUST	211.7325	0.31	142.1023489932886	0.2080536912751678
I	212.0425	0.06	142.31040268456374	0.040268456375838924
JUST	212.1025	0.2	142.3506711409396	0.1342281879194631
WANT	212.3025	0.19	142.48489932885906	0.12751677852348994
TO	212.4925	0.09	142.61241610738256	0.060402684563758385
BE	212.5825	0.06	142.67281879194633	0.040268456375838924
MARRIED	212.6425	0.82	142.71308724832215	0.5503355704697986
AGAIN	215.4625	2.66	144.6057046979866	1.7852348993288591
AND	218.6625	0.2	146.75335570469798	0.1342281879194631
I	218.8625	0.43	146.88758389261747	0.2885906040268456
JUST	219.2925	0.25	147.17617449664428	0.16778523489932887
WANT	219.5425	0.24	147.3439597315436	0.1610738255033557
A	219.7825	0.03	147.50503355704697	0.020134228187919462
MILLION	219.8125	0.39	147.5251677852349	0.26174496644295303
DOLLARS	220.2025	5.13	147.78691275167785	3.442953020134228
RACHEL	226.3125	0.49	151.88758389261744	0.32885906040268453
OH	227.4925	0.27	152.6795302013423	0.18120805369127518
GOD	227.7625	0.25	152.86073825503354	0.16778523489932887
MONICA	228.0125	0.57	153.02852348993287	0.38255033557046975
HI	228.5825	0.45	153.41107382550337	0.30201342281879195
THANK	229.0325	0.45	153.71308724832215	0.30201342281879195
GOD	229.4825	0.62	154.01510067114094	0.4161073825503356
I	230.3625	0.13	154.6057046979866	0.087248322147651
JUST	230.4925	0.18	154.69295302013424	0.12080536912751677
WENT	230.6725	0.12	154.81375838926175	0.08053691275167785
TO	230.7925	0.06	154.8942953020134	0.040268456375838924
YOUR	230.8525	0.11	154.93456375838926	0.0738255033557047
BUILDING	230.9625	0.36	155.00838926174498	0.24161073825503354
AND	231.3225	0.1	155.25	0.06711409395973154
YOU	231.4225	0.13	155.31711409395973	0.087248322147651
WEREN'T	231.5525	0.22	155.4043624161074	0.1476510067114094
THERE	231.7725	0.24	155.5520134228188	0.1610738255033557
AND	232.0125	0.1	155.71308724832215	0.06711409395973154
THEN	232.1125	0.11	155.78020134228188	0.0738255033557047
THIS	232.2225	0.23	155.85402684563758	0.15436241610738255
GUY	232.4525	0.25	156.00838926174495	0.16778523489932887
WITH	232.7025	0.15	156.17617449664428	0.10067114093959731
A	232.8525	0.04	156.27684563758388	0.026845637583892617
BIG	232.8925	0.24	156.3036912751678	0.1610738255033557
HAMMER	233.1325	0.36	156.46476510067114	0.24161073825503354
SAID	233.4925	0.21	156.7063758389262	0.14093959731543623
THAT	233.7025	0.09	156.84731543624162	0.060402684563758385
YOU	233.7925	0.15	156.90771812080536	0.10067114093959731
MIGHT	233.9425	0.19	157.00838926174495	0.12751677852348994
BE	234.1325	0.09	157.13590604026845	0.060402684563758385
HERE	234.2225	0.29	157.19630872483222	0.19463087248322147
AND	234.5125	0.09	157.39093959731542	0.060402684563758385
YOU	234.6025	0.1	157.4513422818792	0.06711409395973154
ARE	234.7025	0.46	157.51845637583892	0.3087248322147651
YOU	235.1625	0.12	157.8271812080537	0.08053691275167785
ARE	235.3525	0.37	157.95469798657717	0.2483221476510067
CAN	235.7225	0.36	158.20302013422818	0.24161073825503354
I	236.2825	0.12	158.5788590604027	0.08053691275167785
GET	236.4025	0.2	158.65939597315437	0.1342281879194631
YOU	236.6025	0.12	158.7936241610738	0.08053691275167785
SOME	236.7225	0.24	158.8741610738255	0.1610738255033557
COFFEE	236.9625	0.59	159.03523489932886	0.3959731543624161
DECAF	237.7725	0.46	159.5788590604027	0.3087248322147651
OKAY	238.7525	0.18	160.23657718120805	0.12080536912751677
EVERYBODY	238.9325	2.45	160.3573825503356	1.644295302013423
THIS	241.3825	0.22	162.001677852349	0.1476510067114094
IS	241.6025	0.17	162.1493288590604	0.11409395973154364
RACHEL	241.7725	0.51	162.26342281879195	0.3422818791946309
ANOTHER	242.9125	0.22	163.0285234899329	0.1476510067114094
LINCOLN	243.1325	0.3	163.17617449664428	0.20134228187919462
HIGH	243.4325	0.18	163.3775167785235	0.12080536912751677
SURVIVOR	243.6125	0.65	163.498322147651	0.43624161073825507
THIS	244.2625	0.14	163.93456375838926	0.09395973154362416
IS	244.5625	0.19	164.13590604026845	0.12751677852348994
EVERYBODY	244.7525	0.39	164.26342281879195	0.26174496644295303
THIS	245.1425	0.13	164.5251677852349	0.087248322147651
IS	245.2725	0.09	164.61241610738256	0.060402684563758385
CHANDLER	245.3625	0.47	164.67281879194633	0.31543624161073824
AND	246.1025	0.1	165.16946308724832	0.06711409395973154
PHOEBE	246.2025	0.57	165.23657718120805	0.38255033557046975
AND	246.7725	0.42	165.61912751677852	0.28187919463087246
JOEY	247.1925	0.44	165.9010067114094	0.2953020134228188
AND	247.9525	0.38	166.41107382550334	0.2550335570469799
YOU	248.3325	0.09	166.66610738255034	0.060402684563758385
REMEMBER	248.4225	0.3	166.7265100671141	0.20134228187919462
MY	248.7225	0.12	166.9278523489933	0.08053691275167785
BROTHER	248.8425	0.24	167.00838926174498	0.1610738255033557
ROSS	249.0825	0.44	167.16946308724832	0.2953020134228188
SURE	249.6225	0.68	167.53187919463087	0.45637583892617456
HI	250.3025	7.32	167.98825503355707	4.9127516778523495
OH	258.2325	0.13	173.31040268456377	0.087248322147651
SO	260.8125	0.14	175.04194630872485	0.09395973154362416
YOU	260.9525	0.14	175.13590604026845	0.09395973154362416
WANT	261.0925	0.19	175.22986577181206	0.12751677852348994
TO	261.2825	0.06	175.3573825503356	0.040268456375838924
TELL	261.3425	0.12	175.39765100671138	0.08053691275167785
US	261.4625	0.15	175.47818791946307	0.10067114093959731
NOW	261.6125	0.4	175.5788590604027	0.2684563758389262
OR	262.0425	0.3	175.86744966442956	0.20134228187919462
ARE	262.4125	0.21	176.11577181208057	0.14093959731543623
WE	262.6225	0.13	176.25671140939596	0.087248322147651
WAITING	262.7525	0.21	176.34395973154363	0.14093959731543623
FOR	262.9625	0.07	176.48489932885906	0.04697986577181208
FOUR	263.0325	0.23	176.5318791946309	0.15436241610738255
WET	263.2625	0.26	176.68624161073825	0.174496644295302
BRIDESMAIDS	263.5225	1.6	176.86073825503354	1.0738255033557047
OH	266.5125	0.12	178.86744966442953	0.08053691275167785
GOD	266.6325	0.42	178.9479865771812	0.28187919463087246
WELL	267.4125	0.29	179.47147651006713	0.19463087248322147
IT	268.6125	0.1	180.2768456375839	0.06711409395973154
STARTED	268.7125	0.45	180.3439597315436	0.30201342281879195
ABOUT	269.1625	0.25	180.64597315436242	0.16778523489932887
A	269.4125	0.04	180.81375838926175	0.026845637583892617
HALF	269.4525	0.28	180.84060402684563	0.18791946308724833
HOUR	269.7325	0.17	181.0285234899329	0.11409395973154364
BEFORE	269.9025	0.28	181.1426174496644	0.18791946308724833
THE	270.1825	0.08	181.33053691275168	0.053691275167785234
WEDDING	270.2625	0.37	181.38422818791946	0.2483221476510067
I	271.6225	0.06	182.29697986577182	0.040268456375838924
WAS	271.6825	0.15	182.33724832214764	0.10067114093959731
IN	271.8625	0.06	182.45805369127518	0.040268456375838924
THIS	271.9225	0.17	182.498322147651	0.11409395973154364
ROOM	272.0925	0.26	182.61241610738253	0.174496644295302
WHERE	272.3525	0.13	182.78691275167787	0.087248322147651
WE	272.4825	0.07	182.87416107382552	0.04697986577181208
WERE	272.5525	0.11	182.92114093959734	0.0738255033557047
KEEPING	272.6625	0.39	182.99496644295303	0.26174496644295303
ALL	273.0525	0.07	183.256711409396	0.04697986577181208
THE	273.1225	0.07	183.30369127516778	0.04697986577181208
PRESENTS	273.1925	0.61	183.3506711409396	0.40939597315436244
AND	274.4225	0.15	184.1761744966443	0.10067114093959731
I	274.5725	0.09	184.27684563758388	0.060402684563758385
WAS	274.6625	0.12	184.33724832214767	0.08053691275167785
LOOKING	274.7825	0.3	184.41778523489936	0.20134228187919462
AT	275.0825	0.1	184.61912751677852	0.06711409395973154
THIS	275.1825	0.2	184.68624161073825	0.1342281879194631
GRAVY	275.3825	0.42	184.8204697986577	0.28187919463087246
BOAT	275.8025	0.28	185.1023489932886	0.18791946308724833
THIS	276.7625	0.25	185.74664429530202	0.16778523489932887
REALLY	277.0125	0.51	185.91442953020135	0.3422818791946309
GORGEOUS	277.9225	0.7	186.5251677852349	0.4697986577181208
LIMOGES	278.6225	0.59	186.99496644295303	0.3959731543624161
GRAVY	279.2125	0.58	187.39093959731542	0.38926174496644295
BOAT	280.4225	0.14	188.2030201342282	0.09395973154362416
WHEN	280.5625	0.09	188.29697986577182	0.060402684563758385
ALL	280.6525	0.12	188.35738255033556	0.08053691275167785
OF	280.7725	0.08	188.43791946308724	0.053691275167785234
A	280.8525	0.03	188.49161073825505	0.020134228187919462
SUDDEN	280.8825	0.27	188.51174496644296	0.18120805369127518
I	281.1525	0.13	188.6929530201342	0.087248322147651
REALIZED	281.2825	0.57	188.78020134228188	0.38255033557046975
SWEET	282.1425	0.6	189.35738255033556	0.40268456375838924
AND	283.3525	0.21	190.16946308724835	0.14093959731543623
LOW	283.5625	0.2	190.31040268456377	0.1342281879194631
I	283.8125	1.22	190.4781879194631	0.8187919463087249
REALIZED	285.9025	0.4	191.88087248322145	0.2684563758389262
THAT	286.3025	0.12	192.1493288590604	0.08053691275167785
I	286.4225	0.13	192.2298657718121	0.087248322147651
WAS	286.5525	0.14	192.31711409395973	0.09395973154362416
MORE	286.6925	0.25	192.41107382550337	0.16778523489932887
TURNED	286.9425	0.32	192.5788590604027	0.21476510067114093
ON	287.2625	0.16	192.7936241610738	0.10738255033557047
BY	287.4225	0.13	192.9010067114094	0.087248322147651
THIS	287.5525	0.18	192.98825503355707	0.12080536912751677
GRAVY	287.7325	0.37	193.10906040268458	0.2483221476510067
BOAT	288.1025	0.17	193.3573825503356	0.11409395973154364
THAN	288.2725	0.17	193.4714765100671	0.11409395973154364
BY	288.4425	0.16	193.58557046979865	0.10738255033557047
BARRY	288.6025	0.45	193.69295302013424	0.30201342281879195
AND	289.0525	0.13	193.99496644295303	0.087248322147651
THEN	289.8525	0.11	194.53187919463087	0.0738255033557047
I	289.9625	0.21	194.60570469798657	0.14093959731543623
GOT	290.1725	0.2	194.74664429530202	0.1342281879194631
REALLY	290.3725	0.27	194.88087248322148	0.18120805369127518
FREAKED	290.6425	0.35	195.06208053691273	0.2348993288590604
OUT	290.9925	0.33	195.29697986577182	0.2214765100671141
AND	291.3625	0.1	195.54530201342283	0.06711409395973154
THAT'S	291.6325	0.33	195.72651006711408	0.2214765100671141
WHEN	291.9625	0.12	195.94798657718118	0.08053691275167785
IT	292.0825	0.08	196.02852348993287	0.053691275167785234
HIT	292.1625	0.21	196.0822147651007	0.14093959731543623
ME	292.3725	0.21	196.2231543624161	0.14093959731543623
HOW	292.9425	0.15	196.60570469798657	0.10067114093959731
MUCH	293.0925	0.17	196.70637583892616	0.11409395973154364
BARRY	293.2625	0.26	196.8204697986577	0.174496644295302
LOOKS	293.5225	0.16	196.994966442953	0.10738255033557047
LIKE	293.6825	0.13	197.1023489932886	0.087248322147651
MR	293.8125	0.23	197.18959731543623	0.15436241610738255
POTATO	294.0425	0.58	197.34395973154363	0.38926174496644295
HEAD	295.0325	1.48	198.00838926174498	0.9932885906040269
I	296.5125	0.1	199.001677852349	0.06711409395973154
MEAN	296.7425	0.09	199.1560402684564	0.060402684563758385
I	296.8325	0.1	199.21644295302013	0.06711409395973154
ALWAYS	296.9325	0.25	199.28355704697987	0.16778523489932887
KNEW	297.1825	0.08	199.4513422818792	0.053691275167785234
HE	297.2625	0.12	199.50503355704697	0.08053691275167785
LOOKED	297.3825	0.16	199.58557046979865	0.10738255033557047
FAMILIAR	297.5425	0.74	199.69295302013424	0.4966442953020134
BUT	298.2825	0.76	200.18959731543626	0.5100671140939598
ANYWAY	299.0425	3.72	200.6996644295302	2.4966442953020134
I	303.7025	0.13	203.82718120805367	0.087248322147651
JUST	303.8325	0.17	203.91442953020132	0.11409395973154364
HAD	304.0025	0.12	204.0285234899329	0.08053691275167785
TO	304.1225	0.07	204.10906040268458	0.04697986577181208
GET	304.1925	0.19	204.15604026845637	0.12751677852348994
OUT	304.3825	0.15	204.28355704697987	0.10067114093959731
OF	304.5325	0.09	204.3842281879195	0.060402684563758385
THERE	304.6225	0.14	204.44463087248323	0.09395973154362416
AND	304.7625	0.1	204.53859060402684	0.06711409395973154
I	304.8625	0.05	204.6057046979866	0.03355704697986577
STARTED	304.9125	0.31	204.63926174496646	0.2080536912751678
WONDERING	305.2225	0.41	204.84731543624162	0.2751677852348993
WHY	305.6325	0.28	205.1224832214765	0.18791946308724833
AM	306.0525	0.22	205.4043624161074	0.1476510067114094
I	306.2725	0.05	205.5520134228188	0.03355704697986577
DOING	306.3225	0.44	205.58557046979865	0.2953020134228188
THIS	306.7625	0.19	205.88087248322148	0.12751677852348994
AND	306.9525	0.16	206.00838926174495	0.10738255033557047
WHO	307.1425	0.22	206.13590604026845	0.1476510067114094
AM	307.3625	0.1	206.28355704697987	0.06711409395973154
I	307.4625	0.11	206.3506711409396	0.0738255033557047
DOING	307.5725	0.3	206.4244966442953	0.20134228187919462
THIS	307.8725	0.17	206.6258389261745	0.11409395973154364
FOR	308.1125	0.35	206.78691275167787	0.2348993288590604
SO	309.5425	0.36	207.74664429530202	0.24161073825503354
ANYWAY	309.9025	0.43	207.98825503355704	0.2885906040268456
I	310.3325	0.14	208.27684563758388	0.09395973154362416
JUST	310.4725	0.19	208.37080536912754	0.12751677852348994
DIDN'T	310.6625	0.18	208.498322147651	0.12080536912751677
KNOW	310.8425	0.13	208.61912751677852	0.087248322147651
WHERE	310.9725	0.1	208.7063758389262	0.06711409395973154
TO	311.0725	0.09	208.7734899328859	0.060402684563758385
GO	311.1625	0.37	208.8338926174497	0.2483221476510067
AND	311.5325	0.11	209.0822147651007	0.0738255033557047
I	311.6425	0.09	209.15604026845637	0.060402684563758385
KNOW	311.7325	0.18	209.21644295302013	0.12080536912751677
THAT	311.9125	0.13	209.33724832214767	0.087248322147651
YOU	312.0425	0.15	209.42449664429532	0.10067114093959731
AND	312.1925	0.12	209.52516778523488	0.08053691275167785
I	312.3125	0.15	209.60570469798657	0.10067114093959731
HAVE	312.4625	0.28	209.70637583892616	0.18791946308724833
DRIFTED	312.7425	0.42	209.89429530201343	0.28187919463087246
APART	313.2725	0.44	210.25	0.2953020134228188
BUT	313.8025	0.2	210.6057046979866	0.1342281879194631
YOU'RE	314.5825	0.18	211.12919463087246	0.12080536912751677
THE	314.7625	0.09	211.25	0.060402684563758385
ONLY	314.8525	0.22	211.31040268456377	0.1476510067114094
PERSON	315.0725	0.38	211.45805369127515	0.2550335570469799
I	315.4525	0.08	211.71308724832215	0.053691275167785234
KNEW	315.5325	0.2	211.76677852348996	0.1342281879194631
WHO	315.7325	0.06	211.9010067114094	0.040268456375838924
LIVED	315.7925	0.35	211.94127516778525	0.2348993288590604
IN	316.1425	0.12	212.17617449664428	0.08053691275167785
THE	316.2625	0.14	212.25671140939596	0.09395973154362416
CITY	316.4025	0.47	212.35067114093957	0.31543624161073824
WHO	317.3925	0.26	213.01510067114094	0.174496644295302
WASN'T	317.6525	0.29	213.18959731543623	0.19463087248322147
INVITED	317.9425	0.39	213.38422818791946	0.26174496644295303
TO	318.3325	0.08	213.6459731543624	0.053691275167785234
THE	318.4125	0.06	213.69966442953023	0.040268456375838924
WEDDING	318.4725	0.33	213.73993288590606	0.2214765100671141
OH	319.3025	0.04	214.29697986577182	0.026845637583892617
I	319.3425	0.23	214.3238255033557	0.15436241610738255
WAS	319.8625	0.36	214.67281879194633	0.24161073825503354
KIND	320.2225	0.4	214.91442953020137	0.2684563758389262
OF	320.6225	0.71	215.18288590604027	0.47651006711409394
HOPING	321.3325	5.14	215.65939597315435	3.449664429530201
THAT	326.4725	0.15	219.10906040268458	0.10067114093959731
WOULDN'T	326.6225	0.98	219.20973154362417	0.6577181208053691
BE	328.2025	0.48	220.2701342281879	0.3221476510067114
AN	329.2325	0.55	220.96140939597316	0.3691275167785235
ISSUE	330.3625	0.2	221.71979865771814	0.1342281879194631
Embarazada	330.7825	1.57	222.00167785234902	1.0536912751677854
de	336.9325	0.26	226.1291946308725	0.174496644295302
Marcela	337.4325	0.81	226.46476510067114	0.5436241610738255
I'M	338.2425	0.34	227.00838926174498	0.22818791946308728
GUESSING	338.5825	0.39	227.23657718120805	0.26174496644295303
THAT	338.9725	0.12	227.49832214765104	0.08053691275167785
HE	339.0925	0.18	227.57885906040266	0.12080536912751677
BOUGHT	339.2725	0.18	227.6996644295302	0.12080536912751677
HER	339.4525	0.2	227.8204697986577	0.1342281879194631
THE	339.6525	0.07	227.95469798657717	0.04697986577181208
BIG	339.7225	0.19	228.00167785234902	0.12751677852348994
PIPE	339.9125	0.32	228.1291946308725	0.21476510067114093
ORGAN	340.2325	0.29	228.34395973154363	0.19463087248322147
AND	340.5225	0.25	228.53859060402684	0.16778523489932887
SHE'S	340.9225	0.26	228.8070469798658	0.174496644295302
REALLY	341.2425	0.21	229.02181208053693	0.14093959731543623
NOT	341.4525	0.47	229.16275167785233	0.31543624161073824
HAPPY	341.9225	2.24	229.4781879194631	1.5033557046979866
ABOUT	344.1625	0.38	230.98154362416108	0.2550335570469799
IT	344.5425	0.15	231.23657718120808	0.10067114093959731
TUNA	344.6925	0.28	231.33724832214764	0.18791946308724833
OR	344.9725	0.11	231.5251677852349	0.0738255033557047
EGG	345.0825	0.13	231.5989932885906	0.087248322147651
SALAD	345.2125	0.47	231.68624161073825	0.31543624161073824
DECIDE	346.2125	0.45	232.35738255033556	0.30201342281879195
I'LL	347.0125	0.06	232.8942953020134	0.040268456375838924
HAVE	347.0725	1.63	232.93456375838926	1.093959731543624
WHATEVER	348.7025	1.63	234.02852348993287	1.093959731543624
CHRISTINE	350.3325	0.39	235.1224832214765	0.26174496644295303
IS	350.7225	0.24	235.3842281879195	0.1610738255033557
HAVING	350.9625	2.21	235.5453020134228	1.483221476510067
DADDY	353.6225	0.4	237.33053691275168	0.2684563758389262
I	354.0225	0.08	237.5989932885906	0.053691275167785234
JUST	354.1025	0.38	237.6526845637584	0.2550335570469799
I	355.4225	0.08	238.53859060402687	0.053691275167785234
CAN'T	355.5025	0.28	238.59228187919464	0.18791946308724833
MARRY	355.7825	0.42	238.7802013422819	0.28187919463087246
HIM	356.2025	0.32	239.06208053691273	0.21476510067114093
I'M	357.4325	0.16	239.88758389261744	0.10738255033557047
SORRY	357.5925	0.98	239.994966442953	0.6577181208053691
I	359.2425	0.13	241.1023489932886	0.087248322147651
JUST	359.3725	0.39	241.18959731543623	0.26174496644295303
DON'T	359.7625	0.15	241.4513422818792	0.10067114093959731
LOVE	359.9125	0.28	241.55201342281882	0.18791946308724833
HIM	360.1925	0.58	241.73993288590603	0.38926174496644295
WELL	362.5925	0.24	243.35067114093957	0.1610738255033557
IT	362.8325	0.07	243.51174496644293	0.04697986577181208
MATTERS	362.9025	0.44	243.55872483221475	0.2953020134228188
TOME	363.3425	0.42	243.85402684563758	0.28187919463087246
IF	363.7625	0.57	244.13590604026845	0.38255033557046975
I	364.3325	4.12	244.51845637583892	2.7651006711409396
LET	368.8325	0.48	247.53859060402684	0.3221476510067114
GO	369.3125	0.18	247.86073825503357	0.12080536912751677
OF	369.4925	0.17	247.98154362416108	0.11409395973154364
MY	369.6625	0.23	248.09563758389262	0.15436241610738255
HAIR	369.8925	0.37	248.25	0.2483221476510067
MY	370.2625	0.23	248.498322147651	0.15436241610738255
HEAD	370.7125	0.4	248.8003355704698	0.2684563758389262
WILL	371.2325	0.38	249.1493288590604	0.2550335570469799
FALL	371.6125	1.69	249.4043624161074	1.1342281879194631
OFF	373.3525	0.18	250.57214765100673	0.12080536912751677
OOH	374.1525	0.57	251.10906040268455	0.38255033557046975
SHE	374.7225	0.38	251.49161073825505	0.2550335570469799
SHOULD	375.1025	0.28	251.74664429530202	0.18791946308724833
NOT	375.3825	0.6	251.93456375838926	0.40268456375838924
BE	375.9825	0.19	252.33724832214767	0.12751677852348994
WEARING	376.1725	0.3	252.46476510067114	0.20134228187919462
THOSE	376.4725	0.23	252.66610738255036	0.15436241610738255
PANTS	376.7025	0.45	252.8204697986577	0.30201342281879195
I	377.1525	1.39	253.1224832214765	0.9328859060402684
SAY	378.5425	0.3	254.0553691275168	0.20134228187919462
PUSH	378.8425	0.28	254.25671140939596	0.18791946308724833
HER	379.1225	0.07	254.44463087248323	0.04697986577181208
DOWN	379.1925	0.31	254.49161073825502	0.2080536912751678
THE	379.5025	0.07	254.6996644295302	0.04697986577181208
STAIRS	379.5725	0.8	254.74664429530202	0.5369127516778524
PUSH	380.5025	0.23	255.3708053691275	0.15436241610738255
HER	380.7325	0.8	255.5251677852349	0.5369127516778524
DOWN	381.5325	0.13	256.0620805369128	0.087248322147651
THE	381.6625	0.06	256.1493288590604	0.040268456375838924
STAIRS	381.7225	0.62	256.1895973154363	0.4161073825503356
PUSH	382.3425	0.11	256.60570469798654	0.0738255033557047
HER	382.4525	4.23	256.6795302013423	2.8389261744966445
DOWN	386.6825	0.12	259.5184563758389	0.08053691275167785
THE	386.8025	0.06	259.59899328859063	0.040268456375838924
STAIRS	386.8625	0.55	259.63926174496646	0.3691275167785235
ALL	387.4525	0.07	260.0352348993288	0.04697986577181208
RIGHT	387.5225	0.15	260.0822147651007	0.10067114093959731
COME	387.6725	0.17	260.18288590604027	0.11409395973154364
ON	387.8425	0.15	260.2969798657718	0.10067114093959731
DADDY	387.9925	0.41	260.39765100671144	0.2751677852348993
LISTEN	388.4025	0.33	260.67281879194627	0.2214765100671141
TO	388.7325	0.07	260.89429530201346	0.04697986577181208
ME	388.8025	0.4	260.94127516778525	0.2684563758389262
ALL	389.2025	0.06	261.2097315436242	0.040268456375838924
OF	389.6925	0.2	261.53859060402687	0.1342281879194631
MY	389.8925	0.07	261.6728187919463	0.04697986577181208
LIFE	389.9625	0.29	261.7197986577181	0.19463087248322147
EVERYONE	391.0025	0.37	262.4177852348993	0.2483221476510067
HAS	391.3725	1.45	262.66610738255036	0.9731543624161073
ALWAYS	392.8225	0.3	263.63926174496646	0.20134228187919462
TOLD	393.1225	0.29	263.84060402684565	0.19463087248322147
ME	393.4125	0.34	264.0352348993289	0.22818791946308728
YOU'RE	393.9325	0.22	264.38422818791946	0.1476510067114094
A	394.1525	0.03	264.53187919463085	0.020134228187919462
SHOE	394.1825	0.62	264.5520134228188	0.4161073825503356
YOU'RE	395.4525	0.22	265.40436241610735	0.1476510067114094
A	395.6725	0.05	265.5520134228188	0.03355704697986577
SHOE	395.7225	0.21	265.58557046979865	0.14093959731543623
YOU'RE	395.9325	0.28	265.7265100671141	0.18791946308724833
A	396.2125	0.03	265.91442953020135	0.020134228187919462
SHOE	396.2425	0.08	265.9345637583893	0.053691275167785234
YOU'RE	396.3225	0.18	265.98825503355704	0.12080536912751677
A	396.5025	0.03	266.1090604026846	0.020134228187919462
SHOE	396.5325	0.21	266.1291946308725	0.14093959731543623
AND	396.8325	0.18	266.33053691275165	0.12080536912751677
THEN	397.0125	0.21	266.4513422818792	0.14093959731543623
TODAY	397.2225	0.52	266.5922818791947	0.348993288590604
JUST	397.9625	0.65	267.08892617449663	0.43624161073825507
STOPPED	398.6125	0.46	267.5251677852349	0.3087248322147651
AND	399.0725	0.1	267.83389261744964	0.06711409395973154
SAID	399.1725	0.25	267.9010067114094	0.16778523489932887
WHAT	399.7625	0.18	268.2969798657718	0.12080536912751677
IF	399.9425	0.06	268.4177852348993	0.040268456375838924
I	400.0025	0.07	268.45805369127515	0.04697986577181208
DON'T	400.0725	0.11	268.505033557047	0.0738255033557047
WANT	400.1825	0.14	268.5788590604027	0.09395973154362416
TO	400.3225	0.12	268.6728187919463	0.08053691275167785
BE	400.4425	0.06	268.753355704698	0.040268456375838924
A	400.5025	0.04	268.7936241610738	0.026845637583892617
SHOE	400.5425	0.44	268.8204697986577	0.2953020134228188
WHAT	401.4025	0.13	269.3976510067114	0.087248322147651
IF	401.5325	0.08	269.48489932885906	0.053691275167785234
I	401.6125	0.1	269.53859060402687	0.06711409395973154
WANT	401.7125	0.14	269.60570469798654	0.09395973154362416
TO	401.8525	0.18	269.69966442953023	0.12080536912751677
BE	402.0325	0.14	269.8204697986577	0.09395973154362416
A	402.6925	0.07	270.2634228187919	0.04697986577181208
PURSE	402.7625	0.49	270.31040268456377	0.32885906040268453
OR	403.6125	1.05	270.8808724832215	0.7046979865771812
A	404.6625	0.03	271.58557046979865	0.020134228187919462
HAT	404.7725	1.27	271.65939597315435	0.8523489932885906
NO	406.0425	0.15	272.51174496644296	0.10067114093959731
I	406.1925	0.1	272.61241610738256	0.06711409395973154
DON'T	406.3425	0.97	272.71308724832215	0.6510067114093959
WANT	407.3125	0.27	273.3640939597315	0.18120805369127518
YOU	407.5825	0.14	273.5453020134228	0.09395973154362416
TO	407.7225	0.49	273.63926174496646	0.32885906040268453
BUY	408.2125	0.24	273.9681208053691	0.1610738255033557
ME	408.4525	0.06	274.12919463087246	0.040268456375838924
A	408.5125	0.03	274.1694630872483	0.020134228187919462
HAT	408.5425	1.28	274.18959731543623	0.8590604026845637
I'M	410.1625	0.1	275.2768456375839	0.06711409395973154
SAYING	410.2625	0.12	275.34395973154363	0.08053691275167785
THAT	410.3825	0.14	275.4244966442953	0.09395973154362416
I	410.5225	0.03	275.5184563758389	0.020134228187919462
AM	410.5525	0.15	275.53859060402687	0.10067114093959731
A	410.7025	0.03	275.63926174496646	0.020134228187919462
HAT	410.7325	2.38	275.65939597315435	1.5973154362416107
IT'S	413.1125	0.17	277.25671140939596	0.11409395973154364
A	413.3025	0.03	277.38422818791946	0.020134228187919462
METAPHOR	413.4425	0.46	277.4781879194631	0.3087248322147651
DADDY	414.0025	0.41	277.8540268456376	0.2751677852348993
YOU	414.4925	0.32	278.18288590604027	0.21476510067114093
CAN	414.8125	0.25	278.3976510067114	0.16778523489932887
SEE	415.0625	0.16	278.5654362416107	0.10738255033557047
WHERE	415.2225	0.25	278.6728187919463	0.16778523489932887
HE'D	415.5225	0.24	278.8741610738255	0.1610738255033557
HAVE	415.7625	2.36	279.0352348993288	1.5838926174496644
TROUBLE	419.0225	0.26	281.2231543624161	0.174496644295302
LOOK	419.2825	0.1	281.39765100671144	0.06711409395973154
DADDY	419.3825	0.49	281.4647651006711	0.32885906040268453
IT'S	419.8725	0.2	281.7936241610738	0.1342281879194631
MY	420.0725	0.26	281.92785234899327	0.174496644295302
LIFE	420.3325	0.59	282.10234899328856	0.3959731543624161
WELL	422.3725	0.17	283.47147651006713	0.11409395973154364
MAYBE	422.8025	0.48	283.76006711409394	0.3221476510067114
I'LL	423.2825	0.12	284.0822147651007	0.08053691275167785
JUST	423.4025	0.3	284.1627516778523	0.20134228187919462
STAY	423.7025	0.16	284.3640939597315	0.10738255033557047
HERE	423.8625	0.18	284.47147651006713	0.12080536912751677
WITH	424.0425	0.19	284.5922818791947	0.12751677852348994
MONICA	424.2325	0.65	284.7197986577181	0.43624161073825507
WELL	426.6625	1.3	286.3506711409396	0.8724832214765101
I	428.2425	0.16	287.41107382550337	0.10738255033557047
GUESS	428.4025	0.18	287.5184563758389	0.12080536912751677
WE'VE	428.5825	0.17	287.6392617449664	0.11409395973154364
ESTABLISHED	428.7525	0.46	287.753355704698	0.3087248322147651
SHE'S	429.2125	0.15	288.06208053691273	0.10067114093959731
STAYING	429.3625	0.26	288.1627516778524	0.174496644295302
HERE	429.6225	0.1	288.3372483221477	0.06711409395973154
WITH	429.7225	0.12	288.4043624161074	0.08053691275167785
MONICA	429.8425	0.37	288.48489932885906	0.2483221476510067
WELL	430.3225	1.16	288.8070469798658	0.7785234899328859
MAYBE	432.0725	0.44	289.9815436241611	0.2953020134228188
THAT'S	432.5125	0.24	290.2768456375839	0.1610738255033557
MY	432.7525	0.26	290.43791946308727	0.174496644295302
DECISION	433.0125	0.64	290.61241610738256	0.42953020134228187
WELL	435.5325	0.14	292.3036912751678	0.09395973154362416
MAYBE	435.6725	0.38	292.39765100671144	0.2550335570469799
I	436.0525	0.11	292.6526845637584	0.0738255033557047
DON'T	436.1625	0.17	292.72651006711413	0.11409395973154364
NEED	436.3325	0.32	292.84060402684565	0.21476510067114093
YOUR	436.6525	0.14	293.05536912751677	0.09395973154362416
MONEY	436.7925	0.54	293.1493288590604	0.36241610738255037
WAIT	437.8925	0.83	293.88758389261744	0.5570469798657718
WAIT	438.7225	0.76	294.44463087248323	0.5100671140939598
I	439.5525	3.02	295.001677852349	2.0268456375838926
SAID	442.9625	2.1	297.2902684563758	1.4093959731543624
MAYBE	445.1325	3.31	298.746644295302	2.2214765100671143
OKAY	448.4425	0.17	300.96812080536915	0.11409395973154364
JUST	448.8325	0.15	301.22986577181206	0.10067114093959731
BREATHE	448.9825	0.7	301.3305369127517	0.4697986577181208
THAT'S	449.9825	0.45	302.001677852349	0.30201342281879195
IT	450.4325	0.13	302.3036912751678	0.087248322147651
JUST	450.5625	0.43	302.3909395973154	0.2885906040268456
TRY	451.3225	0.29	302.90100671140937	0.19463087248322147
TO	451.6125	0.06	303.09563758389265	0.040268456375838924
THINK	451.6725	0.17	303.1359060402685	0.11409395973154364
OF	451.8425	0.06	303.25	0.040268456375838924
NICE	451.9025	0.58	303.2902684563758	0.38926174496644295
CALM	452.5125	0.57	303.6996644295302	0.38255033557046975
THINGS	453.0825	0.41	304.0822147651007	0.2751677852348993
RAINDROPS	454.2625	0.78	304.8741610738255	0.5234899328859061
ON	455.0425	0.31	305.39765100671144	0.2080536912751678
ROSES	455.3525	0.71	305.6057046979866	0.47651006711409394
AND	456.0625	0.38	306.0822147651007	0.2550335570469799
WHISKERS	456.4425	0.27	306.3372483221477	0.18120805369127518
ON	456.7125	1.17	306.5184563758389	0.785234899328859
KITTENS	457.9525	0.61	307.3506711409396	0.40939597315436244
DOORBELLS	458.5625	0.78	307.76006711409394	0.5234899328859061
AND	459.3425	0.19	308.28355704697987	0.12751677852348994
SLEIGH	459.5325	0.1	308.41107382550337	0.06711409395973154
BELLS	459.6325	0.21	308.4781879194631	0.14093959731543623
AND	459.8425	0.17	308.6191275167785	0.11409395973154364
SOMETHING	460.0125	1.33	308.73322147651004	0.8926174496644296
WITH	461.3425	0.3	309.6258389261745	0.20134228187919462
MITTENS	461.6425	0.72	309.8271812080537	0.4832214765100671
LA	462.3625	0.61	310.31040268456377	0.40939597315436244
LA	463.1825	0.29	310.86073825503354	0.19463087248322147
LA	463.5325	0.31	311.09563758389265	0.2080536912751678
SOMETHING	464.0925	0.61	311.4714765100671	0.40939597315436244
AND	464.7025	0.27	311.8808724832215	0.18120805369127518
NOODLES	464.9725	0.6	312.0620805369128	0.40268456375838924
WITH	465.5725	0.21	312.4647651006711	0.14093959731543623
STRING	465.7825	0.55	312.6057046979866	0.3691275167785235
THESE	466.3325	0.1	312.9748322147651	0.06711409395973154
ARE	466.7525	0.08	313.25671140939596	0.053691275167785234
A	466.8625	0.19	313.3305369127517	0.12751677852348994
I'M	467.1125	0.43	313.49832214765104	0.2885906040268456
ALL	467.5425	0.42	313.78691275167785	0.28187919463087246
BETTER	468.4225	0.25	314.3775167785235	0.16778523489932887
NOW	468.6725	1.53	314.5453020134228	1.0268456375838926
THANK	470.8125	0.78	315.9815436241611	0.5234899328859061
YOU	471.5925	0.06	316.50503355704694	0.040268456375838924
I	471.6525	0.03	316.5453020134228	0.020134228187919462
HELPED	471.9125	2.87	316.7197986577181	1.9261744966442953
OKAY	474.7825	0.21	318.6459731543624	0.14093959731543623
LOOK	474.9925	0.34	318.78691275167785	0.22818791946308728
THIS	475.3325	0.28	319.01510067114094	0.18791946308724833
IS	475.6125	0.1	319.2030201342282	0.06711409395973154
PROBABLY	475.7125	0.32	319.2701342281879	0.21476510067114093
FOR	476.0325	0.11	319.48489932885906	0.0738255033557047
THE	476.1425	0.06	319.55872483221475	0.040268456375838924
BEST	476.2025	0.85	319.5989932885906	0.5704697986577181
INDEPENDENCE	477.9625	1.12	320.7802013422819	0.7516778523489933
TAKING	479.0825	0.35	321.53187919463085	0.2348993288590604
CONTROL	479.4325	0.4	321.76677852348996	0.2684563758389262
OF	479.8325	0.06	322.0352348993288	0.040268456375838924
YOUR	479.8925	0.1	322.0755033557047	0.06711409395973154
LIFE	479.9925	0.44	322.14261744966444	0.2953020134228188
THE	480.8025	0.07	322.68624161073825	0.04697986577181208
WHOLE	480.8725	0.44	322.7332214765101	0.2953020134228188
HAT	481.6525	0.23	323.25671140939596	0.15436241610738255
THING	482.0525	0.44	323.5251677852349	0.2953020134228188
AND	482.6825	0.14	323.9479865771812	0.09395973154362416
HEY	482.8225	0.36	324.04194630872485	0.24161073825503354
YOU	483.6925	0.19	324.6258389261745	0.12751677852348994
NEED	483.8825	0.22	324.753355704698	0.1476510067114094
ANYTHING	484.1025	0.57	324.9010067114094	0.38255033557046975
YOU	485.1125	0.08	325.5788590604027	0.053691275167785234
CAN	485.1925	0.18	325.63255033557044	0.12080536912751677
ALWAYS	485.3725	0.43	325.753355704698	0.2885906040268456
COME	485.8025	0.25	326.04194630872485	0.16778523489932887
TO	486.0525	0.07	326.2097315436242	0.04697986577181208
JOEY	486.1225	0.54	326.25671140939596	0.36241610738255037
ME	487.1725	0.17	326.9614093959732	0.11409395973154364
AND	487.3425	0.09	327.07550335570465	0.060402684563758385
CHANDLER	487.4325	0.38	327.1359060402685	0.2550335570469799
LIVE	487.8125	0.21	327.3909395973154	0.14093959731543623
RIGHT	488.0225	0.15	327.53187919463085	0.10067114093959731
ACROSS	488.1725	0.34	327.6325503355705	0.22818791946308728
THE	488.5125	0.08	327.86073825503354	0.053691275167785234
HALL	488.5925	0.41	327.91442953020135	0.2751677852348993
AND	489.0425	0.14	328.21644295302013	0.09395973154362416
HE'S	489.5325	0.28	328.5453020134228	0.18791946308724833
AWAY	489.8125	0.24	328.7332214765101	0.1610738255033557
A	490.0525	0.05	328.8942953020134	0.03355704697986577
LOT	490.1025	0.31	328.9278523489933	0.2080536912751678
STOP	490.6425	0.21	329.2902684563758	0.14093959731543623
HITTING	490.8525	2.0	329.4312080536913	1.342281879194631
ON	492.9725	0.18	330.8540268456376	0.12080536912751677
HER	493.1525	0.76	330.97483221476506	0.5100671140939598
IT'S	493.9125	0.22	331.48489932885906	0.1476510067114094
HER	494.1325	0.08	331.63255033557044	0.053691275167785234
WEDDING	494.2125	0.5	331.68624161073825	0.33557046979865773
DAY	494.7125	0.46	332.0218120805369	0.3087248322147651
LIKE	495.5125	0.51	332.55872483221475	0.3422818791946309
THERE'S	496.0225	0.19	332.90100671140937	0.12751677852348994
A	496.2125	0.08	333.02852348993287	0.053691275167785234
RULE	496.3325	0.38	333.1090604026846	0.2550335570469799
OR	496.7125	0.03	333.3640939597315	0.020134228187919462
SOMETHING	496.7425	0.76	333.38422818791946	0.5100671140939598
I	497.5025	0.96	333.8942953020134	0.6442953020134228
GOT	498.4625	0.45	334.5385906040268	0.30201342281879195
IT	500.8925	0.3	336.1694630872483	0.20134228187919462
PLEASE	503.3225	0.52	337.80033557046977	0.348993288590604
DON'T	503.8425	0.22	338.1493288590604	0.1476510067114094
DO	504.0625	0.19	338.2969798657718	0.12751677852348994
THAT	504.2525	0.19	338.4244966442953	0.12751677852348994
AGAIN	504.4425	0.37	338.5520134228188	0.2483221476510067
IT'S	504.8125	0.15	338.8003355704698	0.10067114093959731
A	504.9625	0.05	338.90100671140937	0.03355704697986577
HORRIBLE	505.0125	0.53	338.93456375838923	0.3557046979865772
SOUND	505.5425	0.58	339.2902684563758	0.38926174496644295
Uh	506.1225	1.16	339.6795302013423	0.7785234899328859
it's	507.2825	0.34	340.4580536912752	0.22818791946308728
it's	507.6225	0.38	340.68624161073825	0.2550335570469799
Paul	508.0525	0.44	340.9748322147651	0.2953020134228188
OH	508.9725	0.07	341.5922818791947	0.04697986577181208
GOD	509.0425	0.26	341.63926174496646	0.174496644295302
IS	509.3025	0.07	341.81375838926175	0.04697986577181208
IT	509.6825	0.17	342.06879194630875	0.11409395973154364
630	509.8525	0.76	342.18288590604027	0.5100671140939598
BUZZ	511.6225	0.35	343.37080536912754	0.2348993288590604
HIM	511.9725	0.13	343.6057046979866	0.087248322147651
IN	512.1025	0.16	343.6929530201342	0.10738255033557047
WHO'S	512.5725	0.23	344.008389261745	0.15436241610738255
PAUL	512.8025	0.45	344.1627516778524	0.30201342281879195
PAUL	513.3025	0.25	344.49832214765104	0.16778523489932887
THE	513.5525	0.06	344.66610738255036	0.040268456375838924
WINE	513.6125	0.35	344.70637583892614	0.2348993288590604
GUY	513.9625	0.29	344.94127516778525	0.19463087248322147
PAUL	514.3025	0.29	345.16946308724835	0.19463087248322147
MAYBE	515.3725	1.09	345.88758389261744	0.7315436241610739
YOUR	516.4625	0.3	346.6191275167785	0.20134228187919462
NOT	516.7625	0.25	346.82046979865777	0.16778523489932887
A	517.0125	0.03	346.9882550335571	0.020134228187919462
REAL	517.0425	0.36	347.008389261745	0.24161073825503354
DATE	517.4025	0.33	347.25	0.2214765100671141
TONIGHT	517.7325	0.34	347.4714765100671	0.22818791946308728
IS	518.0725	0.15	347.6996644295302	0.10067114093959731
WITH	518.2225	0.19	347.80033557046977	0.12751677852348994
PAUL	518.4125	0.38	347.9278523489933	0.2550335570469799
THE	518.7925	0.1	348.18288590604027	0.06711409395973154
WINE	518.8925	0.4	348.25000000000006	0.2684563758389262
GUY	519.2925	0.53	348.5184563758389	0.3557046979865772
HE	519.8825	0.15	348.9144295302014	0.10067114093959731
FINALLY	520.0325	0.39	349.01510067114094	0.26174496644295303
ASKED	520.4225	0.21	349.2768456375839	0.14093959731543623
YOU	520.6325	0.15	349.4177852348994	0.10067114093959731
OUT	520.7825	0.1	349.5184563758389	0.06711409395973154
YES	520.8825	0.84	349.5855704697987	0.5637583892617449
A	521.7225	0.33	350.1493288590604	0.2214765100671141
DEAR	522.0525	0.62	350.37080536912754	0.4161073825503356
DIARY	522.6725	0.43	350.78691275167785	0.2885906040268456
MOMENT	523.1025	0.74	351.07550335570465	0.4966442953020134
RACH	523.8425	1.34	351.5721476510067	0.8993288590604027
WAIT	525.1825	0.45	352.47147651006713	0.30201342281879195
I	525.6325	0.11	352.7734899328859	0.0738255033557047
CAN	525.7425	0.55	352.84731543624156	0.3691275167785235
CANCEL	526.2925	0.52	353.21644295302013	0.348993288590604
PLEASE	526.8125	0.79	353.56543624161077	0.5302013422818792
NO	527.6025	0.21	354.0956375838926	0.14093959731543623
GO	527.8125	0.52	354.2365771812081	0.348993288590604
I'LL	528.4025	0.22	354.6325503355705	0.1476510067114094
BE	528.6225	0.77	354.7802013422818	0.5167785234899329
FINE	529.5125	0.6	355.3775167785235	0.40268456375838924
ROSS	530.1125	0.32	355.7802013422818	0.21476510067114093
ARE	530.4325	0.04	355.994966442953	0.026845637583892617
YOU	530.4725	0.16	356.0218120805369	0.10738255033557047
OKAY	530.6325	0.41	356.1291946308725	0.2751677852348993
I	531.0425	0.03	356.4043624161074	0.020134228187919462
MEAN	531.0725	0.24	356.4244966442953	0.1610738255033557
DO	531.3125	0.06	356.58557046979865	0.040268456375838924
YOU	531.3725	0.12	356.6258389261745	0.08053691275167785
WANT	531.4925	0.12	356.70637583892614	0.08053691275167785
ME	531.6125	0.07	356.78691275167785	0.04697986577181208
TO	531.6825	0.06	356.8338926174497	0.040268456375838924
STAY	531.7425	0.47	356.87416107382546	0.31543624161073824
THAT	533.8025	3.99	358.25671140939596	2.6778523489932886
WOULD	537.7925	0.09	360.9345637583893	0.060402684563758385
BE	537.8825	0.07	360.99496644295306	0.04697986577181208
GOOD	537.9525	0.19	361.04194630872485	0.12751677852348994
REALLY	538.1425	0.16	361.16946308724835	0.10738255033557047
NO	538.3025	0.45	361.2768456375839	0.30201342281879195
GO	538.7525	0.29	361.57885906040275	0.19463087248322147
ON	539.0425	0.36	361.7734899328859	0.24161073825503354
IT'S	539.4025	0.34	362.01510067114094	0.22818791946308728
PAUL	539.7725	0.4	362.263422818792	0.2684563758389262
THE	540.1725	0.06	362.5318791946309	0.040268456375838924
WINE	540.2325	0.34	362.5721476510067	0.22818791946308728
GUY	540.5725	0.52	362.80033557046977	0.348993288590604
WHAT	541.2825	1.01	363.2768456375839	0.6778523489932886
DOES	542.2925	0.12	363.9546979865772	0.08053691275167785
THAT	542.4425	0.23	364.05536912751677	0.15436241610738255
MEAN	542.6725	0.24	364.2097315436242	0.1610738255033557
DOES	542.9125	0.15	364.37080536912754	0.10067114093959731
HE	543.1025	0.09	364.498322147651	0.060402684563758385
SELL	543.1925	0.37	364.55872483221475	0.2483221476510067
IT	543.5625	0.19	364.8070469798658	0.12751677852348994
DRINK	543.7525	0.28	364.9345637583893	0.18791946308724833
IT	544.0325	0.18	365.12248322147656	0.12080536912751677
OR	544.2125	0.04	365.24328859060404	0.026845637583892617
HE	544.2525	0.11	365.27013422818794	0.0738255033557047
JUST	544.3625	0.2	365.3439597315436	0.1342281879194631
COMPLAINS	544.5625	0.46	365.4781879194631	0.3087248322147651
A	545.0225	0.04	365.7869127516779	0.026845637583892617
LOT	545.0625	0.24	365.81375838926175	0.1610738255033557
HI	545.5225	2.56	366.12248322147656	1.7181208053691275
COME	548.0825	0.16	367.84060402684565	0.10738255033557047
IN	548.2425	0.4	367.94798657718115	0.2684563758389262
PAUL	549.0425	0.4	368.48489932885906	0.2684563758389262
THIS	549.4425	0.19	368.753355704698	0.12751677852348994
IS	549.6325	0.24	368.88087248322154	0.1610738255033557
EVERYBODY	551.1725	1.31	369.91442953020135	0.8791946308724833
EVERYBODY	552.4825	0.93	370.7936241610738	0.6241610738255033
THIS	553.8825	0.38	371.7332214765101	0.2550335570469799
IS	554.2625	0.11	371.9882550335571	0.0738255033557047
PAUL	554.3725	0.48	372.06208053691273	0.3221476510067114
PAUL	554.8525	0.51	372.38422818791946	0.3422818791946309
THE	555.5025	0.41	372.82046979865777	0.2751677852348993
WINE	555.9125	0.33	373.09563758389265	0.2214765100671141
GUY	556.2425	0.18	373.3171140939597	0.12080536912751677
I	556.5725	0.25	373.53859060402687	0.16778523489932887
DIDN'T	556.8225	0.19	373.7063758389262	0.12751677852348994
CATCH	557.0125	0.22	373.8338926174497	0.1476510067114094
YOUR	557.2325	0.09	373.9815436241611	0.060402684563758385
NAME	557.3225	0.34	374.04194630872485	0.22818791946308728
PAUL	557.6625	0.47	374.27013422818794	0.31543624161073824
WAS	558.1325	1.95	374.5855704697987	1.308724832214765
IT	560.3925	0.22	376.1023489932886	0.1476510067114094
OKAY	560.6125	0.13	376.25	0.087248322147651
I'LL	560.9425	0.1	376.47147651006713	0.06711409395973154
BE	561.0425	0.17	376.53859060402687	0.11409395973154364
RIGHT	561.2125	0.63	376.6526845637584	0.4228187919463087
BACK	561.8725	0.45	377.0956375838926	0.30201342281879195
I'VE	562.3225	0.07	377.3976510067114	0.04697986577181208
JUST	562.3925	0.15	377.44463087248323	0.10067114093959731
GOT	562.5425	0.09	377.5453020134228	0.060402684563758385
TO	562.6325	0.06	377.6057046979866	0.040268456375838924
GO	562.6925	0.2	377.6459731543624	0.1342281879194631
UH	562.8925	0.1	377.7802013422819	0.06711409395973154
GO	563.5325	0.16	378.2097315436242	0.10738255033557047
UH	563.6925	0.15	378.31711409395973	0.10067114093959731
A	564.2525	0.07	378.69295302013427	0.04697986577181208
WANDERING	564.3225	0.82	378.73993288590606	0.5503355704697986
CHANGE	565.3025	1.01	379.39765100671144	0.6778523489932886
OKAY	566.8825	0.47	380.4580536912752	0.31543624161073824
SIT	567.4725	0.25	380.8540268456376	0.16778523489932887
DOWN	568.0825	0.68	381.2634228187919	0.45637583892617456
TWO	568.8925	0.17	381.8070469798658	0.11409395973154364
SECONDS	569.0625	0.48	381.9211409395973	0.3221476510067114
I	569.6325	0.05	382.3036912751678	0.03355704697986577
JUST	569.9325	0.16	382.505033557047	0.10738255033557047
PULLED	573.7125	1.03	385.04194630872485	0.6912751677852349
OUT	574.7425	0.55	385.73322147651004	0.3691275167785235
FOUR	575.2925	0.28	386.1023489932886	0.18791946308724833
EYELASHES	575.5725	0.74	386.2902684563758	0.4966442953020134
THAT	576.3625	0.73	386.8204697986577	0.4899328859060403
CAN'T	577.3825	4.0	387.505033557047	2.684563758389262
BE	581.3825	0.07	390.1895973154363	0.04697986577181208
GOOD	582.4225	0.17	390.88758389261744	0.11409395973154364
HEY	582.8425	0.15	391.1694630872483	0.10067114093959731
PAUL	582.9925	0.36	391.2701342281879	0.24161073825503354
HERE'S	584.0725	0.39	391.994966442953	0.26174496644295303
A	584.4625	0.05	392.25671140939596	0.03355704697986577
LITTLE	584.5125	0.23	392.2902684563759	0.15436241610738255
TIP	584.7625	0.27	392.4580536912752	0.18120805369127518
SHE	585.2825	0.36	392.8070469798658	0.24161073825503354
REALLY	585.6425	0.46	393.0486577181208	0.3087248322147651
LIKES	586.1025	0.38	393.35738255033556	0.2550335570469799
IT	586.4825	0.16	393.6124161073825	0.10738255033557047
WHEN	586.8125	0.17	393.8338926174497	0.11409395973154364
YOU	586.9825	0.15	393.94798657718115	0.10067114093959731
RUB	587.1625	0.2	394.06879194630875	0.1342281879194631
HER	587.3625	0.12	394.20302013422815	0.08053691275167785
NECK	587.4825	0.3	394.28355704697987	0.20134228187919462
IN	587.7825	0.08	394.48489932885906	0.053691275167785234
THE	587.8625	0.06	394.5385906040268	0.040268456375838924
SAME	587.9225	0.32	394.5788590604027	0.21476510067114093
SPOT	588.2425	0.38	394.7936241610738	0.2550335570469799
OVER	588.6725	0.39	395.0822147651007	0.26174496644295303
AND	589.0625	0.13	395.34395973154363	0.087248322147651
OVER	589.1925	0.33	395.43120805369125	0.2214765100671141
AND	589.5225	0.14	395.65268456375844	0.09395973154362416
OVER	589.6625	0.34	395.746644295302	0.22818791946308728
AGAIN	590.0025	0.29	395.9748322147651	0.19463087248322147
TILL	590.2925	0.17	396.16946308724835	0.11409395973154364
IT	590.4625	0.08	396.28355704697987	0.053691275167785234
STARTS	590.5425	0.39	396.3372483221477	0.26174496644295303
TO	590.9325	0.09	396.59899328859063	0.060402684563758385
GET	591.0225	0.14	396.6593959731544	0.09395973154362416
A	591.1625	0.03	396.753355704698	0.020134228187919462
LITTLE	591.1925	0.23	396.7734899328859	0.15436241610738255
RED	591.4225	0.43	396.9278523489933	0.2885906040268456
SHUT	592.3825	0.8	397.57214765100673	0.5369127516778524
UP	593.1825	0.15	398.1090604026846	0.10067114093959731
JOEY	593.5325	0.11	398.34395973154363	0.0738255033557047
SO	593.8025	0.32	398.5251677852349	0.21476510067114093
RACHEL	594.1225	0.51	398.739932885906	0.3422818791946309
WHAT	594.6325	2.71	399.08221476510073	1.8187919463087248
ARE	597.3425	0.15	400.90100671140937	0.10067114093959731
YOU	597.4925	0.62	401.00167785234896	0.4161073825503356
UP	598.1125	0.24	401.4177852348993	0.1610738255033557
TO	598.3525	0.28	401.57885906040264	0.18791946308724833
TONIGHT	598.6325	0.36	401.76677852348996	0.24161073825503354
I	598.9925	0.03	402.0083892617449	0.020134228187919462
WAS	599.8625	1.23	402.5922818791946	0.825503355704698
KIND	601.2125	0.28	403.498322147651	0.18791946308724833
OF	601.4925	0.06	403.68624161073825	0.040268456375838924
SUPPOSED	601.5525	0.39	403.7265100671141	0.26174496644295303
TO	601.9425	0.06	403.98825503355704	0.040268456375838924
BE	602.0025	0.14	404.0285234899329	0.09395973154362416
HEADED	602.1425	0.27	404.12248322147656	0.18120805369127518
FOR	602.4125	0.28	404.3036912751678	0.18791946308724833
ARUBA	602.6925	0.28	404.491610738255	0.18791946308724833
ON	602.9725	0.16	404.6795302013423	0.10738255033557047
MY	603.1325	0.17	404.7869127516779	0.11409395973154364
HONEYMOON	603.5325	0.58	405.0553691275168	0.38926174496644295
SO	604.1125	0.19	405.4446308724832	0.12751677852348994
NOTHING	604.3025	0.75	405.57214765100673	0.5033557046979866
RIGHT	605.0525	2.24	406.0755033557047	1.5033557046979866
YOU'RE	607.5125	0.22	407.72651006711413	0.1476510067114094
NOT	607.7325	0.42	407.87416107382546	0.28187919463087246
EVEN	608.1525	0.31	408.1560402684564	0.2080536912751678
GETTING	608.7425	0.25	408.5520134228188	0.16778523489932887
YOUR	608.9925	0.1	408.7197986577181	0.06711409395973154
HONEYMOON	609.0925	0.58	408.78691275167785	0.38926174496644295
GOD	609.8425	0.14	409.2902684563758	0.09395973154362416
NO	610.4725	0.97	409.71308724832215	0.6510067114093959
ARUBA	611.7325	0.71	410.55872483221475	0.47651006711409394
THIS	612.7125	0.23	411.21644295302013	0.15436241610738255
TIME	612.9425	0.25	411.37080536912754	0.16778523489932887
OF	613.1925	0.06	411.53859060402687	0.040268456375838924
YEAR	613.2525	0.76	411.57885906040275	0.5100671140939598
TALK	614.0125	0.29	412.0889261744967	0.19463087248322147
ABOUT	614.3025	0.26	412.28355704697987	0.174496644295302
YOUR	614.5625	0.23	412.45805369127515	0.15436241610738255
BIG	616.6925	0.24	413.88758389261744	0.1610738255033557
LIZARDS	616.9325	0.56	414.0486577181208	0.37583892617449666
ANYWAY	617.4925	2.7	414.4244966442953	1.8120805369127517
IF	620.1925	0.12	416.2365771812081	0.08053691275167785
YOU	620.3125	0.08	416.31711409395973	0.053691275167785234
DON'T	620.4725	3.34	416.4244966442953	2.2416107382550337
FEEL	623.8125	0.32	418.66610738255036	0.21476510067114093
LIKE	624.1325	0.13	418.88087248322154	0.087248322147651
BEING	624.2625	0.23	418.96812080536915	0.15436241610738255
ALONE	624.4925	0.34	419.1224832214765	0.22818791946308728
TONIGHT	624.8325	0.68	419.3506711409396	0.45637583892617456
JOEY	625.5125	0.28	419.8070469798658	0.18791946308724833
AND	625.7925	0.09	419.99496644295306	0.060402684563758385
CHANDLER	625.8825	0.3	420.0553691275168	0.20134228187919462
ARE	626.1825	0.09	420.25671140939596	0.060402684563758385
HELPING	626.2725	0.51	420.31711409395973	0.3422818791946309
ME	626.8025	0.19	420.6728187919463	0.12751677852348994
PUT	626.9925	0.16	420.80033557046977	0.10738255033557047
TOGETHER	627.1525	0.23	420.9077181208054	0.15436241610738255
MY	627.3825	0.21	421.0620805369128	0.14093959731543623
NEW	627.5925	0.26	421.20302013422815	0.174496644295302
FURNITURE	627.8525	0.55	421.37751677852344	0.3691275167785235
AND	628.4825	0.23	421.80033557046977	0.15436241610738255
WE'RE	628.8125	0.22	422.0218120805369	0.1476510067114094
VERY	629.3225	0.26	422.3640939597315	0.174496644295302
EXCITED	629.5825	0.44	422.5385906040268	0.2953020134228188
ABOUT	630.0225	1.69	422.8338926174497	1.1342281879194631
IT	632.1025	0.18	424.22986577181206	0.12080536912751677
THANKS	632.2825	0.67	424.3506711409396	0.44966442953020136
BUT	632.9925	0.25	424.8271812080537	0.16778523489932887
I'M	633.2425	0.07	424.994966442953	0.04697986577181208
GOING	633.3125	0.15	425.04194630872485	0.10067114093959731
TO	633.4625	0.07	425.14261744966444	0.04697986577181208
HANG	633.6125	0.66	425.243288590604	0.4429530201342282
OUT	634.2725	0.16	425.6862416107383	0.10738255033557047
HERE	634.7725	0.26	426.02181208053696	0.174496644295302
TONIGHT	635.0325	0.32	426.19630872483225	0.21476510067114093
IT'S	635.3525	0.21	426.4110738255033	0.14093959731543623
BEEN	635.7825	0.11	426.69966442953023	0.0738255033557047
A	635.8925	0.04	426.7734899328859	0.026845637583892617
LONG	635.9325	0.31	426.8003355704698	0.2080536912751678
DAY	636.2825	0.07	427.0352348993289	0.04697986577181208
OH	636.3525	0.11	427.0822147651007	0.0738255033557047
SURE	636.4625	0.22	427.15604026845637	0.1476510067114094
OKAY	636.6825	0.29	427.3036912751678	0.19463087248322147
SURE	636.9725	0.28	427.498322147651	0.18791946308724833
PHEEBS	637.2525	1.04	427.6862416107383	0.697986577181208
YOU	638.2925	0.25	428.38422818791946	0.16778523489932887
WANT	639.4325	1.78	429.1493288590604	1.1946308724832215
TO	641.2125	0.27	430.34395973154363	0.18120805369127518
HELP	641.7625	8.53	430.71308724832215	5.7248322147651
I	650.2925	0.04	436.43791946308727	0.026845637583892617
WISH	650.3325	0.09	436.4647651006711	0.060402684563758385
I	650.4225	0.05	436.5251677852349	0.03355704697986577
COULD	650.4725	0.11	436.55872483221475	0.0738255033557047
BUT	650.6125	0.1	436.6526845637584	0.06711409395973154
I	650.7125	0.04	436.7197986577181	0.026845637583892617
DON'T	650.7525	0.19	436.7466442953021	0.12751677852348994
WANT	650.9425	0.18	436.8741610738255	0.12080536912751677
TO	651.1225	0.07	436.994966442953	0.04697986577181208
LOVE	651.1925	0.33	437.04194630872485	0.2214765100671141
IS	651.5225	0.19	437.263422818792	0.12751677852348994
SWEET	651.7125	0.6	437.3909395973154	0.40268456375838924
AS	652.3125	0.29	437.7936241610738	0.19463087248322147
SUMMER	652.6025	0.64	437.98825503355704	0.42953020134228187
SHOWERS	653.2825	0.99	438.44463087248323	0.6644295302013423
LOVE	654.2725	0.47	439.1090604026846	0.31543624161073824
IS	654.7425	0.19	439.4244966442953	0.12751677852348994
A	654.9325	0.11	439.5520134228188	0.0738255033557047
WONDROUS	655.0425	0.88	439.62583892617454	0.5906040268456376
WORK	655.9225	0.45	440.21644295302013	0.30201342281879195
OF	656.3725	0.88	440.51845637583887	0.5906040268456376
ART	657.6025	0.16	441.3439597315436	0.10738255033557047
BUT	657.9725	0.38	441.5922818791946	0.2550335570469799
YOUR	658.3525	0.12	441.8473154362416	0.08053691275167785
LOVE	658.4725	0.43	441.92785234899327	0.2885906040268456
OH	658.9225	0.25	442.2298657718121	0.16778523489932887
YOUR	659.1725	0.29	442.39765100671144	0.19463087248322147
LOVE	659.4625	0.88	442.5922818791946	0.5906040268456376
YOUR	660.3425	0.52	443.18288590604027	0.348993288590604
LOVE	660.8625	1.61	443.53187919463085	1.080536912751678
IS	663.3425	0.17	445.1963087248322	0.11409395973154364
LIKE	663.5125	0.33	445.31040268456377	0.2214765100671141
A	663.8425	0.03	445.53187919463085	0.020134228187919462
GIANT	663.8725	0.77	445.55201342281873	0.5167785234899329
PIGEON	664.6425	1.48	446.06879194630875	0.9932885906040269
CRAPPING	667.8825	0.83	448.24328859060404	0.5570469798657718
ON	668.7125	0.36	448.80033557046977	0.24161073825503354
MY	669.0725	0.32	449.04194630872485	0.21476510067114093
HEART	669.3925	0.27	449.256711409396	0.18120805369127518
LA	669.6625	0.06	449.43791946308727	0.040268456375838924
LA	669.7225	0.07	449.4781879194631	0.04697986577181208
LA	669.7925	0.09	449.52516778523494	0.060402684563758385
LA	669.8825	0.06	449.5855704697987	0.040268456375838924
LA	669.9425	0.06	449.6258389261745	0.040268456375838924
LA	670.0025	0.06	449.66610738255036	0.040268456375838924
LA	670.0625	0.06	449.7063758389262	0.040268456375838924
LA	670.1225	0.06	449.74664429530196	0.040268456375838924
LA	670.1825	0.07	449.78691275167785	0.04697986577181208
THANK	670.2525	3.87	449.8338926174497	2.597315436241611
YOU	674.1225	0.41	452.43120805369125	0.2751677852348993
LA	674.8325	0.11	452.9077181208054	0.0738255033557047
LA	674.9425	0.11	452.9815436241611	0.0738255033557047
LA	675.1425	0.38	453.1157718120806	0.2550335570469799
LA	675.6825	0.23	453.4781879194631	0.15436241610738255
LA	676.0925	0.27	453.753355704698	0.18120805369127518
LA	677.2625	0.11	454.53859060402687	0.0738255033557047
LA	677.6225	0.44	454.7802013422818	0.2953020134228188
LA	678.2125	1.71	455.1761744966443	1.1476510067114094
LA	680.1725	0.08	456.491610738255	0.053691275167785234
OOH	680.2525	2.34	456.5453020134229	1.570469798657718
I'M	683.0125	0.55	458.39765100671144	0.3691275167785235
SUPPOSED	683.9125	1.12	459.001677852349	0.7516778523489933
TO	685.0325	0.18	459.753355704698	0.12080536912751677
ATTACH	685.2125	0.44	459.8741610738255	0.2953020134228188
A	685.8025	0.08	460.27013422818794	0.053691275167785234
BRACKETY	685.8825	0.61	460.32382550335575	0.40939597315436244
THING	686.4925	0.52	460.73322147651004	0.348993288590604
TO	687.0125	0.13	461.08221476510073	0.087248322147651
THE	687.1425	0.11	461.16946308724835	0.0738255033557047
SIDE	687.2525	0.46	461.24328859060404	0.3087248322147651
THINGS	687.7125	0.66	461.5520134228188	0.4429530201342282
USING	688.9125	0.36	462.3573825503356	0.24161073825503354
A	689.2725	0.04	462.59899328859063	0.026845637583892617
BUNCH	689.3125	0.45	462.6258389261745	0.30201342281879195
OF	689.7625	0.12	462.9278523489933	0.08053691275167785
THESE	689.8825	0.29	463.008389261745	0.19463087248322147
LITTLE	690.1725	0.28	463.2030201342282	0.18791946308724833
WORM	690.4525	0.31	463.3909395973154	0.2080536912751678
GUYS	690.7625	1.4	463.59899328859063	0.9395973154362416
I	693.0025	0.42	465.1023489932886	0.28187919463087246
HAVE	693.6825	0.26	465.55872483221475	0.174496644295302
NO	693.9425	0.23	465.73322147651004	0.15436241610738255
BRACKETY	694.1725	0.55	465.88758389261744	0.3691275167785235
THING	694.7225	0.42	466.25671140939596	0.28187919463087246
I	695.1825	0.25	466.56543624161077	0.16778523489932887
SEE	695.4325	0.3	466.7332214765101	0.20134228187919462
NO	695.7325	0.19	466.93456375838923	0.12751677852348994
WORM	695.9225	0.34	467.0620805369128	0.22818791946308728
GUYS	696.2625	0.32	467.2902684563759	0.21476510067114093
WHATSOEVER	696.5825	0.74	467.50503355704694	0.4966442953020134
AND	697.8825	0.29	468.3775167785235	0.19463087248322147
I	698.1725	0.32	468.57214765100673	0.21476510067114093
CANNOT	698.7325	0.4	468.9479865771812	0.2684563758389262
FEEL	699.1325	0.19	469.2164429530202	0.12751677852348994
MY	699.3225	0.15	469.34395973154363	0.10067114093959731
LEGS	699.4725	0.55	469.44463087248323	0.3691275167785235
I'M	700.1525	1.19	469.9010067114094	0.7986577181208053
THINKING	702.1325	1.35	471.2298657718121	0.9060402684563759
WE	704.2825	0.11	472.6728187919463	0.0738255033557047
GOT	704.3925	0.37	472.746644295302	0.2483221476510067
A	704.7625	0.07	472.99496644295306	0.04697986577181208
BOOKCASE	704.8325	0.47	473.04194630872485	0.31543624161073824
HERE	705.3025	0.22	473.35738255033556	0.1476510067114094
IT'S	705.5225	0.19	473.505033557047	0.12751677852348994
A	705.7125	0.03	473.63255033557044	0.020134228187919462
BEAUTIFUL	705.7425	0.5	473.6526845637584	0.33557046979865773
THING	706.2425	0.22	473.98825503355704	0.1476510067114094
WHAT'S	708.5325	0.21	475.52516778523494	0.14093959731543623
THIS	708.7425	0.36	475.6661073825503	0.24161073825503354
I	710.0525	0.13	476.5453020134228	0.087248322147651
WOULD	710.1825	0.09	476.6325503355705	0.060402684563758385
HAVE	710.2725	0.13	476.69295302013427	0.087248322147651
TO	710.4025	0.1	476.7802013422819	0.06711409395973154
SAY	710.5025	0.47	476.8473154362417	0.31543624161073824
THAT	710.9725	0.14	477.1627516778523	0.09395973154362416
IT'S	711.1125	0.11	477.25671140939596	0.0738255033557047
AN	711.2225	0.12	477.33053691275165	0.08053691275167785
L	711.4025	0.4	477.4513422818792	0.2684563758389262
SHAPED	712.0825	0.53	477.9077181208054	0.3557046979865772
BRACKET	713.0125	0.46	478.5318791946309	0.3087248322147651
WHICH	713.9325	1.84	479.1493288590604	1.2348993288590604
GOES	715.7725	0.27	480.3842281879195	0.18120805369127518
WHERE	716.0425	0.36	480.56543624161077	0.24161073825503354
I	716.5725	0.15	480.9211409395973	0.10067114093959731
HAVE	716.7225	0.31	481.0218120805369	0.2080536912751678
NO	717.5825	0.44	481.5989932885906	0.2953020134228188
IDEA	718.0225	0.28	481.89429530201346	0.18791946308724833
DONE	718.3025	1.64	482.0822147651007	1.1006711409395973
WITH	720.2425	0.12	483.3842281879194	0.08053691275167785
THE	721.4225	0.32	484.1761744966443	0.21476510067114093
BOOKCASE	721.7425	0.35	484.3909395973154	0.2348993288590604
ALL	722.0925	0.15	484.6258389261745	0.10067114093959731
FINISHED	722.2425	0.39	484.7265100671141	0.26174496644295303
THIS	728.0025	0.18	488.5922818791947	0.12080536912751677
WAS	728.1825	0.14	488.71308724832215	0.09395973154362416
CAROL'S	728.3225	0.47	488.8070469798658	0.31543624161073824
FAVORITE	728.8825	0.38	489.1828859060403	0.2550335570469799
BEER	729.2625	0.4	489.43791946308727	0.2684563758389262
SHE	732.0425	0.1	491.3036912751678	0.06711409395973154
ALWAYS	732.1425	0.24	491.37080536912754	0.1610738255033557
DRANK	732.3825	0.28	491.5318791946309	0.18791946308724833
IT	732.6625	0.08	491.7197986577181	0.053691275167785234
OUT	732.7425	0.15	491.77348993288587	0.10067114093959731
OF	732.8925	0.06	491.8741610738255	0.040268456375838924
THE	732.9525	0.06	491.91442953020135	0.040268456375838924
CAN	733.0125	0.4	491.95469798657723	0.2684563758389262
I	733.4125	0.25	492.22315436241615	0.16778523489932887
SHOULD	733.6625	0.19	492.3909395973155	0.12751677852348994
HAVE	733.8525	0.09	492.5184563758389	0.060402684563758385
KNOWN	733.9425	0.3	492.5788590604027	0.20134228187919462
HEY	734.5025	0.19	492.95469798657723	0.12751677852348994
HEY	734.6925	2.06	493.0822147651007	1.3825503355704698
HEY	736.7525	0.24	494.4647651006712	0.1610738255033557
HEY	736.9925	0.25	494.6258389261745	0.16778523489932887
HEY	737.2425	0.23	494.7936241610738	0.15436241610738255
HEY	737.4725	1.54	494.9479865771812	1.0335570469798658
IF	739.0125	0.08	495.98154362416113	0.053691275167785234
YOU'RE	739.1725	0.09	496.08892617449663	0.060402684563758385
GOING	739.2625	0.27	496.14932885906046	0.18120805369127518
TO	739.5325	0.16	496.3305369127517	0.10738255033557047
START	739.6925	0.32	496.43791946308727	0.21476510067114093
WITH	740.0125	0.13	496.65268456375844	0.087248322147651
THAT	740.1425	0.21	496.73993288590606	0.14093959731543623
STUFF	740.3525	0.36	496.8808724832215	0.24161073825503354
WE'RE	740.7125	0.13	497.1224832214765	0.087248322147651
OUT	740.8425	0.21	497.2097315436242	0.14093959731543623
OF	741.0525	0.11	497.3506711409396	0.0738255033557047
HERE	741.1625	0.44	497.42449664429535	0.2953020134228188
PLEASE	741.6725	0.28	497.76677852348996	0.18791946308724833
DON'T	741.9525	0.15	497.9546979865772	0.10067114093959731
SPOIL	742.1025	0.64	498.05536912751677	0.42953020134228187
ALL	742.9325	0.26	498.61241610738256	0.174496644295302
THIS	743.1925	0.22	498.78691275167785	0.1476510067114094
FUN	743.4125	0.32	498.9345637583893	0.21476510067114093
ROSS	744.8825	0.27	499.92114093959736	0.18120805369127518
LET	745.1525	0.1	500.1023489932886	0.06711409395973154
ME	745.2525	0.1	500.16946308724835	0.06711409395973154
ASK	745.3525	0.23	500.236577181208	0.15436241610738255
YOU	745.5825	0.09	500.3909395973154	0.060402684563758385
A	745.6725	0.03	500.4513422818792	0.020134228187919462
QUESTION	745.7025	0.4	500.47147651006713	0.2684563758389262
SHE	746.3925	0.22	500.9345637583893	0.1476510067114094
GOT	746.6125	0.32	501.0822147651006	0.21476510067114093
THE	747.1525	0.08	501.44463087248323	0.053691275167785234
FURNITURE	747.2325	0.78	501.498322147651	0.5234899328859061
THE	748.2225	0.11	502.1627516778523	0.0738255033557047
STEREO	748.3325	0.85	502.236577181208	0.5704697986577181
THE	749.2625	0.12	502.8607382550336	0.08053691275167785
GOOD	749.3825	0.41	502.94127516778525	0.2751677852348993
TV	749.7925	0.77	503.21644295302013	0.5167785234899329
WHAT	750.9825	0.3	504.01510067114094	0.20134228187919462
DID	751.2825	0.39	504.21644295302013	0.26174496644295303
YOU	753.0025	0.14	505.37080536912754	0.09395973154362416
GET	753.1425	0.29	505.4647651006712	0.19463087248322147
YOU	753.6425	0.12	505.8003355704698	0.08053691275167785
GUYS	753.7625	0.3	505.88087248322154	0.20134228187919462
YOU	754.1225	0.21	506.1224832214765	0.14093959731543623
GOT	754.3325	0.26	506.2634228187919	0.174496644295302
SCREWED	754.5925	0.21	506.4379194630872	0.14093959731543623
OH	754.8025	0.17	506.5788590604027	0.11409395973154364
MY	754.9725	0.31	506.6929530201342	0.2080536912751678
GOD	755.2825	0.35	506.9010067114094	0.2348993288590604
OH	756.4325	0.11	507.6728187919463	0.0738255033557047
MY	756.7925	0.6	507.91442953020135	0.40268456375838924
GOD	757.3925	0.31	508.3171140939598	0.2080536912751678
I	757.8725	0.13	508.6392617449664	0.087248322147651
KNOW	758.0825	0.42	508.7802013422819	0.28187919463087246
I'M	758.5025	0.25	509.0620805369128	0.16778523489932887
SUCH	758.7525	0.29	509.2298657718121	0.19463087248322147
AN	759.0425	0.14	509.42449664429535	0.09395973154362416
IDIOT	759.1825	0.47	509.5184563758389	0.31543624161073824
I	760.7825	0.07	510.5922818791947	0.04697986577181208
GUESS	761.1825	0.24	510.86073825503354	0.1610738255033557
I	761.4225	0.04	511.0218120805369	0.026845637583892617
SHOULD	761.4625	0.2	511.0486577181208	0.1342281879194631
HAVE	761.6625	0.09	511.18288590604027	0.060402684563758385
CAUGHT	761.7525	0.25	511.24328859060404	0.16778523489932887
ON	762.0025	0.16	511.4110738255034	0.10738255033557047
WHEN	762.1625	0.09	511.5184563758389	0.060402684563758385
SHE	762.2525	0.07	511.57885906040275	0.04697986577181208
STARTED	762.3225	0.32	511.6258389261745	0.21476510067114093
GOING	762.6425	0.19	511.84060402684565	0.12751677852348994
TO	762.8325	0.06	511.9681208053691	0.040268456375838924
THE	762.8925	0.08	512.008389261745	0.053691275167785234
DENTIST	762.9725	0.55	512.0620805369127	0.3691275167785235
FOUR	763.6725	0.24	512.5318791946308	0.1610738255033557
AND	763.9125	0.12	512.6929530201343	0.08053691275167785
FIVE	764.0325	0.32	512.7734899328859	0.21476510067114093
TIMES	764.3525	0.4	512.988255033557	0.2684563758389262
A	764.7525	0.06	513.256711409396	0.040268456375838924
WEEK	764.8125	0.32	513.2969798657718	0.21476510067114093
I	765.8125	0.03	513.9681208053692	0.020134228187919462
MEAN	765.8425	0.13	513.988255033557	0.087248322147651
HOW	765.9725	0.16	514.0755033557047	0.10738255033557047
CLEAN	766.1325	0.25	514.1828859060403	0.16778523489932887
CAN	766.3825	0.17	514.3506711409397	0.11409395973154364
TEETH	766.5525	0.24	514.4647651006711	0.1610738255033557
GET	766.8325	0.4	514.6526845637584	0.2684563758389262
MY	767.6225	0.77	515.1828859060403	0.5167785234899329
BROTHER'S	768.3925	0.32	515.6996644295302	0.21476510067114093
GOING	768.7125	0.18	515.9144295302013	0.12080536912751677
THROUGH	768.8925	0.09	516.0352348993289	0.060402684563758385
THAT	768.9825	0.26	516.0956375838925	0.174496644295302
NOW	769.2425	0.32	516.2701342281879	0.21476510067114093
HE'S	769.8625	0.11	516.6862416107382	0.0738255033557047
SUCH	770.1425	0.19	516.8741610738256	0.12751677852348994
A	770.3325	0.03	517.001677852349	0.020134228187919462
MESS	770.3625	0.45	517.0218120805368	0.30201342281879195
HOW	770.8125	0.31	517.3238255033557	0.2080536912751678
DID	771.1225	0.16	517.5318791946308	0.10738255033557047
YOU	771.2825	0.06	517.6392617449665	0.040268456375838924
GET	771.3425	0.17	517.6795302013422	0.11409395973154364
THROUGH	771.5125	0.23	517.7936241610738	0.15436241610738255
IT	771.7425	0.1	517.9479865771812	0.06711409395973154
HE	772.6825	0.18	518.5788590604027	0.12080536912751677
MIGHT	772.8625	0.25	518.6996644295302	0.16778523489932887
TRY	773.1125	0.42	518.8674496644295	0.28187919463087246
ACCIDENTALLY	773.5325	0.81	519.1493288590605	0.5436241610738255
BREAKING	774.3425	0.35	519.6929530201343	0.2348993288590604
SOMETHING	774.6925	0.3	519.9278523489933	0.20134228187919462
VALUABLE	774.9925	0.42	520.1291946308725	0.28187919463087246
OF	775.4125	0.07	520.4110738255034	0.04697986577181208
HERS	775.4825	0.39	520.4580536912752	0.26174496644295303
SAY	776.2825	0.33	520.994966442953	0.2214765100671141
HER	776.6125	0.31	521.2164429530201	0.2080536912751678
LEG	777.0025	0.43	521.4781879194632	0.2885906040268456
THAT'S	777.5725	0.24	521.8607382550335	0.1610738255033557
ONE	777.8125	0.96	522.021812080537	0.6442953020134228
WAY	778.7725	0.06	522.6661073825503	0.040268456375838924
OF	778.8325	0.12	522.7063758389262	0.08053691275167785
GOING	778.9925	0.25	522.8137583892617	0.16778523489932887
THROUGH	779.2825	0.13	523.008389261745	0.087248322147651
IT	779.4525	0.38	523.1224832214765	0.2550335570469799
ME	780.5525	0.22	523.8607382550335	0.1476510067114094
I	780.7725	0.24	524.008389261745	0.1610738255033557
WENT	781.2825	0.18	524.3506711409397	0.12080536912751677
FOR	781.4625	0.07	524.4714765100671	0.04697986577181208
THE	781.5325	0.07	524.5184563758389	0.04697986577181208
WATCH	781.6025	0.44	524.5654362416108	0.2953020134228188
YOU	782.7025	0.11	525.3036912751678	0.0738255033557047
ACTUALLY	782.8125	0.34	525.3775167785235	0.22818791946308728
BROKE	783.1525	0.32	525.6057046979867	0.21476510067114093
HER	783.4725	0.14	525.8204697986577	0.09395973154362416
WATCH	783.6125	0.42	525.9144295302013	0.28187919463087246
WOW	784.6425	0.54	526.6057046979867	0.36241610738255037
THE	785.1825	0.35	526.9681208053692	0.2348993288590604
WORST	785.5325	0.26	527.2030201342282	0.174496644295302
THING	785.7925	0.12	527.3775167785235	0.08053691275167785
THAT	785.9125	0.1	527.4580536912752	0.06711409395973154
I	786.0125	0.12	527.5251677852349	0.08053691275167785
EVER	786.1325	0.16	527.6057046979867	0.10738255033557047
DID	786.2925	0.17	527.7130872483222	0.11409395973154364
WAS	786.4625	0.3	527.8271812080537	0.20134228187919462
I	787.2725	0.25	528.3708053691275	0.16778523489932887
SHREDDED	787.5225	0.54	528.5385906040269	0.36241610738255037
MY	788.0625	0.09	528.9010067114094	0.060402684563758385
OLD	788.1525	0.33	528.9614093959732	0.2214765100671141
BOYFRIEND'S	788.4825	0.39	529.1828859060403	0.26174496644295303
FAVORITE	789.0025	0.25	529.531879194631	0.16778523489932887
BATH	789.2525	0.21	529.6996644295302	0.14093959731543623
TOWEL	789.4825	0.23	529.8540268456376	0.15436241610738255
OOH	789.9725	0.69	530.1828859060403	0.4630872483221476
STEER	790.6625	0.29	530.6459731543624	0.19463087248322147
CLEAR	790.9525	0.27	530.8406040268457	0.18120805369127518
OF	791.2225	0.19	531.0218120805368	0.12751677852348994
YOU	791.4125	0.44	531.1493288590605	0.2953020134228188
THAT'S	792.0025	0.78	531.5453020134229	0.5234899328859061
RIGHT	792.8325	0.34	532.1023489932886	0.22818791946308728
BARRY	794.0625	0.43	532.9278523489933	0.2885906040268456
I	794.7025	0.12	533.3573825503356	0.08053691275167785
AM	794.8225	0.09	533.4379194630873	0.060402684563758385
SORRY	794.9125	0.68	533.498322147651	0.45637583892617456
I	795.9725	0.12	534.2097315436241	0.08053691275167785
AM	796.0925	0.09	534.2902684563758	0.060402684563758385
SO	796.1825	0.3	534.3506711409397	0.20134228187919462
SORRY	796.4825	0.68	534.5520134228187	0.45637583892617456
I	797.3925	0.1	535.1627516778524	0.06711409395973154
KNOW	797.4925	0.1	535.229865771812	0.06711409395973154
YOU	797.5925	0.12	535.2969798657718	0.08053691275167785
PROBABLY	797.7125	0.44	535.3775167785235	0.2953020134228188
THINK	798.1525	0.16	535.6728187919464	0.10738255033557047
THIS	798.3125	0.15	535.7802013422819	0.10067114093959731
IS	798.4625	0.1	535.8808724832214	0.06711409395973154
ALL	798.5625	0.16	535.9479865771812	0.10738255033557047
ABOUT	798.7225	0.22	536.0553691275168	0.1476510067114094
WHAT	798.9425	0.11	536.2030201342282	0.0738255033557047
I	799.0525	0.06	536.2768456375838	0.040268456375838924
SAID	799.1125	0.26	536.3171140939597	0.174496644295302
THE	799.3725	0.12	536.491610738255	0.08053691275167785
OTHER	799.4925	0.15	536.5721476510067	0.10067114093959731
NIGHT	799.6425	0.21	536.6728187919464	0.14093959731543623
ABOUT	799.8525	0.16	536.8137583892617	0.10738255033557047
YOU	800.0125	0.21	536.9211409395973	0.14093959731543623
MAKING	800.2225	0.26	537.0620805369127	0.174496644295302
LOVE	800.4825	0.2	537.2365771812081	0.1342281879194631
WITH	800.6825	0.09	537.3708053691275	0.060402684563758385
YOUR	800.7725	0.09	537.4312080536913	0.060402684563758385
SOCKS	800.8625	0.46	537.491610738255	0.3087248322147651
ON	801.3225	0.2	537.8003355704698	0.1342281879194631
BUT	801.5225	0.1	537.9345637583893	0.06711409395973154
IT	801.6225	0.1	538.001677852349	0.06711409395973154
ISN'T	801.7225	0.41	538.0687919463087	0.2751677852348993
IT'S	802.3725	0.5	538.505033557047	0.33557046979865773
ABOUT	802.8725	0.32	538.8406040268457	0.21476510067114093
ME	803.1925	0.43	539.0553691275168	0.2885906040268456
AND	803.9325	1.55	539.5520134228188	1.0402684563758389
I	807.3425	0.27	541.8406040268457	0.18120805369127518
DID	808.1225	0.17	542.3640939597315	0.11409395973154364
HI	812.2425	5.25	545.1291946308725	3.523489932885906
MACHINE	817.4925	0.18	548.6526845637584	0.12080536912751677
CUT	817.6725	0.92	548.7734899328859	0.6174496644295302
ME	818.5925	0.07	549.3909395973154	0.04697986577181208
OFF	818.7325	0.1	549.484899328859	0.06711409395973154
AGAIN	818.8325	0.25	549.5520134228187	0.16778523489932887
ANYWAY	819.1125	0.36	549.739932885906	0.24161073825503354
LOOK	819.5325	0.22	550.021812080537	0.1476510067114094
I	820.0825	0.15	550.3909395973154	0.10067114093959731
KNOW	820.2325	0.27	550.491610738255	0.18120805369127518
THAT	820.5025	0.12	550.6728187919464	0.08053691275167785
SOME	820.6225	0.29	550.7533557046979	0.19463087248322147
GIRL	820.9125	0.25	550.9479865771813	0.16778523489932887
IS	821.1625	0.11	551.1157718120805	0.0738255033557047
GOING	821.2725	0.18	551.1895973154362	0.12080536912751677
TO	821.4525	0.08	551.3104026845638	0.053691275167785234
BE	821.5325	0.26	551.3640939597316	0.174496644295302
INCREDIBLY	821.7925	0.8	551.5385906040268	0.5369127516778524
LUCKY	822.5925	0.31	552.0755033557047	0.2080536912751678
TO	822.9025	0.07	552.2835570469799	0.04697986577181208
BECOME	822.9725	0.33	552.3305369127517	0.2214765100671141
MRS	823.3025	0.39	552.5520134228188	0.26174496644295303
BARRY	823.7325	0.36	552.8406040268457	0.24161073825503354
FINKEL	824.0925	0.63	553.0822147651006	0.4228187919463087
BUT	825.2225	0.2	553.8406040268457	0.1342281879194631
IT	825.4225	0.11	553.9748322147651	0.0738255033557047
ISN'T	825.5325	0.28	554.0486577181208	0.18791946308724833
ME	825.8125	0.47	554.2365771812081	0.31543624161073824
IT'S	826.7625	0.27	554.8741610738256	0.18120805369127518
NOT	827.0325	0.34	555.0553691275168	0.22818791946308728
ME	827.5225	0.53	555.3842281879195	0.3557046979865772
NOT	828.7925	0.18	556.2365771812081	0.12080536912751677
THAT	829.1325	0.19	556.4647651006712	0.12751677852348994
I	829.3225	0.03	556.5922818791946	0.020134228187919462
HAVE	829.3525	0.19	556.6124161073825	0.12751677852348994
ANY	829.5425	0.15	556.739932885906	0.10067114093959731
IDEA	829.7425	0.24	556.8741610738255	0.1610738255033557
WHO	829.9825	0.12	557.0352348993289	0.08053691275167785
ME	830.1025	0.18	557.1157718120805	0.12080536912751677
IS	830.2825	0.2	557.2365771812081	0.1342281879194631
RIGHT	830.4825	0.19	557.3708053691275	0.12751677852348994
NOW	830.6925	0.31	557.511744966443	0.2080536912751678
BUT	831.0025	0.23	557.7197986577181	0.15436241610738255
YOU	831.3725	0.17	557.968120805369	0.11409395973154364
JUST	831.5425	0.21	558.0822147651007	0.14093959731543623
HAVE	831.7525	0.11	558.2231543624162	0.0738255033557047
TO	831.8625	0.08	558.2969798657717	0.053691275167785234
GIVE	831.9425	0.17	558.3506711409397	0.11409395973154364
ME	832.1125	0.18	558.4647651006711	0.12080536912751677
A	832.2925	0.04	558.5855704697987	0.026845637583892617
CHANCE	832.3325	0.47	558.6124161073825	0.31543624161073824
TO	832.8025	1.45	558.9278523489933	0.9731543624161073
I'M	834.4025	1.88	560.001677852349	1.261744966442953
DIVORCED	836.3125	1.19	561.2835570469799	0.7986577181208053
I'M	837.8125	0.1	562.2902684563759	0.06711409395973154
ONLY	837.9125	0.32	562.3573825503356	0.21476510067114093
26	838.2325	0.73	562.5721476510067	0.4899328859060403
AND	838.9625	0.09	563.0620805369127	0.060402684563758385
I'M	839.0525	0.26	563.1224832214765	0.174496644295302
DIVORCED	839.3125	0.62	563.2969798657718	0.4161073825503356
SHUT	840.3325	0.29	563.9815436241611	0.19463087248322147
UP	840.6225	0.16	564.1761744966443	0.10738255033557047
ROSS	840.7825	0.39	564.2835570469799	0.26174496644295303
YOU	841.1725	0.39	564.5453020134229	0.26174496644295303
MUST	841.5925	0.86	564.8271812080537	0.5771812080536912
STOP	844.8725	0.37	567.0285234899328	0.2483221476510067
THAT	845.8925	1.69	567.7130872483222	1.1342281879194631
ONLY	848.7025	0.28	569.5989932885906	0.18791946308724833
TOOK	848.9825	0.19	569.7869127516778	0.12751677852348994
ME	849.1725	0.18	569.9144295302013	0.12080536912751677
AN	849.3525	0.4	570.0352348993289	0.2684563758389262
HOUR	849.8725	1.64	570.3842281879195	1.1006711409395973
ROSS	851.5525	0.21	571.511744966443	0.14093959731543623
YOU'VE	851.9025	0.09	571.7466442953021	0.060402684563758385
GOT	851.9925	0.15	571.8070469798657	0.10067114093959731
TO	852.1425	0.07	571.9077181208054	0.04697986577181208
UNDERSTAND	852.2125	0.56	571.9546979865771	0.37583892617449666
BETWEEN	852.7725	0.52	572.3305369127517	0.348993288590604
US	853.2925	0.36	572.6795302013423	0.24161073825503354
WE	853.6925	0.1	572.9479865771812	0.06711409395973154
HAVEN'T	853.7925	0.21	573.015100671141	0.14093959731543623
HAD	854.0025	0.14	573.1560402684564	0.09395973154362416
A	854.1425	0.03	573.25	0.020134228187919462
RELATIONSHIP	854.1725	0.7	573.2701342281879	0.4697986577181208
THAT'S	854.8725	0.17	573.739932885906	0.11409395973154364
LASTED	855.0425	0.35	573.8540268456376	0.2348993288590604
LONGER	855.3925	0.32	574.0889261744967	0.21476510067114093
THAN	855.7125	0.14	574.3036912751678	0.09395973154362416
A	855.8525	0.03	574.3976510067114	0.020134228187919462
MENTO	855.8825	0.64	574.4177852348994	0.42953020134228187
YOU	856.6925	0.11	574.9614093959732	0.0738255033557047
HOWEVER	856.8025	4.14	575.0352348993289	2.7785234899328857
HAVE	861.2025	0.13	577.988255033557	0.087248322147651
HAD	861.3325	0.15	578.0755033557047	0.10067114093959731
THE	861.4825	0.06	578.1761744966443	0.040268456375838924
LOVE	861.5425	0.31	578.2164429530202	0.2080536912751678
OF	861.8525	0.11	578.4244966442952	0.0738255033557047
A	861.9625	0.03	578.498322147651	0.020134228187919462
WOMAN	861.9925	0.37	578.5184563758389	0.2483221476510067
FOR	862.3625	0.14	578.76677852349	0.09395973154362416
FOUR	862.5025	0.4	578.8607382550337	0.2684563758389262
YEARS	862.9025	0.5	579.1291946308725	0.33557046979865773
FOUR	863.4525	0.58	579.498322147651	0.38926174496644295
YEARS	864.0325	0.73	579.8875838926175	0.4899328859060403
OF	864.7925	0.2	580.3976510067114	0.1342281879194631
CLOSENESS	864.9925	0.79	580.5318791946308	0.5302013422818792
AND	865.7825	0.12	581.0620805369127	0.08053691275167785
SHARING	865.9025	0.62	581.1426174496645	0.4161073825503356
AT	866.9825	0.13	581.8674496644295	0.087248322147651
THE	867.1125	0.13	581.9546979865771	0.087248322147651
END	867.2425	0.22	582.0419463087248	0.1476510067114094
OF	867.4625	0.06	582.1895973154362	0.040268456375838924
WHICH	867.5225	0.26	582.2298657718121	0.174496644295302
SHE	867.7825	0.45	582.4043624161075	0.30201342281879195
RIPPED	868.2325	6.37	582.7063758389262	4.275167785234899
YOUR	875.2525	5.32	587.4177852348994	3.5704697986577183
HEART	880.5725	0.12	590.988255033557	0.08053691275167785
OUT	880.6925	0.06	591.0687919463087	0.040268456375838924
AND	880.7525	0.09	591.1090604026846	0.060402684563758385
THAT	880.8425	0.09	591.1694630872483	0.060402684563758385
IS	880.9325	0.06	591.2298657718121	0.040268456375838924
WHY	880.9925	0.06	591.2701342281879	0.040268456375838924
WE	881.0525	0.06	591.3104026845638	0.040268456375838924
DON'T	881.1125	0.09	591.3506711409395	0.060402684563758385
DO	881.2025	0.06	591.4110738255033	0.040268456375838924
IT	881.2625	0.06	591.4513422818792	0.040268456375838924
